soundFile,word,location,repetition,trialnum,condition,fam_trials_loop.thisRepN,fam_trials_loop.thisTrialN,fam_trials_loop.thisN,fam_trials_loop.thisIndex,trials_1.thisRepN,trials_1.thisTrialN,trials_1.thisN,trials_1.thisIndex,sound_block_key_resp.keys,sound_block_key_resp.rt,tone_block_key_resp.keys,tone_block_key_resp.rt,starget,Run,PartID,frameRate,ttarget,expName,date,
pi.wav,1,1,17,193,S,0,0,0,0,,,,,None,,,,du,1,sllip_006,60.0304567365,1C,auditory,2020_Jan_07_1838,
tu.wav,1,2,17,194,S,0,1,1,1,,,,,None,,,,du,1,sllip_006,60.0304567365,1C,auditory,2020_Jan_07_1838,
bi.wav,1,3,17,195,S,0,2,2,2,,,,,None,,,,du,1,sllip_006,60.0304567365,1C,auditory,2020_Jan_07_1838,
bu.wav,4,1,17,196,S,0,3,3,3,,,,,None,,,,du,1,sllip_006,60.0304567365,1C,auditory,2020_Jan_07_1838,
pa.wav,4,2,17,197,S,0,4,4,4,,,,,4,0.456293821335,,,du,1,sllip_006,60.0304567365,1C,auditory,2020_Jan_07_1838,
da.wav,4,3,17,198,S,0,5,5,5,,,,,None,,,,du,1,sllip_006,60.0304567365,1C,auditory,2020_Jan_07_1838,
di.wav,2,1,17,199,S,0,6,6,6,,,,,None,,,,du,1,sllip_006,60.0304567365,1C,auditory,2020_Jan_07_1838,
ba.wav,2,2,17,200,S,0,7,7,7,,,,,None,,,,du,1,sllip_006,60.0304567365,1C,auditory,2020_Jan_07_1838,
pu.wav,2,3,17,201,S,0,8,8,8,,,,,None,,,,du,1,sllip_006,60.0304567365,1C,auditory,2020_Jan_07_1838,
ta.wav,3,1,17,202,S,0,9,9,9,,,,,None,,,,du,1,sllip_006,60.0304567365,1C,auditory,2020_Jan_07_1838,
ti.wav,3,2,17,203,S,0,10,10,10,,,,,None,,,,du,1,sllip_006,60.0304567365,1C,auditory,2020_Jan_07_1838,
du.wav,3,3,17,204,S,0,11,11,11,,,,,None,,,,du,1,sllip_006,60.0304567365,1C,auditory,2020_Jan_07_1838,
bu.wav,4,1,18,205,S,0,12,12,12,,,,,None,,,,du,1,sllip_006,60.0304567365,1C,auditory,2020_Jan_07_1838,
pa.wav,4,2,18,206,S,0,13,13,13,,,,,None,,,,du,1,sllip_006,60.0304567365,1C,auditory,2020_Jan_07_1838,
da.wav,4,3,18,207,S,0,14,14,14,,,,,None,,,,du,1,sllip_006,60.0304567365,1C,auditory,2020_Jan_07_1838,
pi.wav,1,1,18,208,S,0,15,15,15,,,,,None,,,,du,1,sllip_006,60.0304567365,1C,auditory,2020_Jan_07_1838,
tu.wav,1,2,18,209,S,0,16,16,16,,,,,None,,,,du,1,sllip_006,60.0304567365,1C,auditory,2020_Jan_07_1838,
bi.wav,1,3,18,210,S,0,17,17,17,,,,,None,,,,du,1,sllip_006,60.0304567365,1C,auditory,2020_Jan_07_1838,
di.wav,2,1,18,211,S,0,18,18,18,,,,,None,,,,du,1,sllip_006,60.0304567365,1C,auditory,2020_Jan_07_1838,
ba.wav,2,2,18,212,S,0,19,19,19,,,,,None,,,,du,1,sllip_006,60.0304567365,1C,auditory,2020_Jan_07_1838,
pu.wav,2,3,18,213,S,0,20,20,20,,,,,None,,,,du,1,sllip_006,60.0304567365,1C,auditory,2020_Jan_07_1838,
ta.wav,3,1,18,214,S,0,21,21,21,,,,,None,,,,du,1,sllip_006,60.0304567365,1C,auditory,2020_Jan_07_1838,
ti.wav,3,2,18,215,S,0,22,22,22,,,,,None,,,,du,1,sllip_006,60.0304567365,1C,auditory,2020_Jan_07_1838,
du.wav,3,3,18,216,S,0,23,23,23,,,,,None,,,,du,1,sllip_006,60.0304567365,1C,auditory,2020_Jan_07_1838,
pi.wav,1,1,19,217,S,0,24,24,24,,,,,None,,,,du,1,sllip_006,60.0304567365,1C,auditory,2020_Jan_07_1838,
tu.wav,1,2,19,218,S,0,25,25,25,,,,,None,,,,du,1,sllip_006,60.0304567365,1C,auditory,2020_Jan_07_1838,
bi.wav,1,3,19,219,S,0,26,26,26,,,,,None,,,,du,1,sllip_006,60.0304567365,1C,auditory,2020_Jan_07_1838,
ta.wav,3,1,19,220,S,0,27,27,27,,,,,None,,,,du,1,sllip_006,60.0304567365,1C,auditory,2020_Jan_07_1838,
ti.wav,3,2,19,221,S,0,28,28,28,,,,,None,,,,du,1,sllip_006,60.0304567365,1C,auditory,2020_Jan_07_1838,
du.wav,3,3,19,222,S,0,29,29,29,,,,,None,,,,du,1,sllip_006,60.0304567365,1C,auditory,2020_Jan_07_1838,
bu.wav,4,1,19,223,S,0,30,30,30,,,,,None,,,,du,1,sllip_006,60.0304567365,1C,auditory,2020_Jan_07_1838,
pa.wav,4,2,19,224,S,0,31,31,31,,,,,None,,,,du,1,sllip_006,60.0304567365,1C,auditory,2020_Jan_07_1838,
da.wav,4,3,19,225,S,0,32,32,32,,,,,None,,,,du,1,sllip_006,60.0304567365,1C,auditory,2020_Jan_07_1838,
di.wav,2,1,19,226,S,0,33,33,33,,,,,None,,,,du,1,sllip_006,60.0304567365,1C,auditory,2020_Jan_07_1838,
ba.wav,2,2,19,227,S,0,34,34,34,,,,,None,,,,du,1,sllip_006,60.0304567365,1C,auditory,2020_Jan_07_1838,
pu.wav,2,3,19,228,S,0,35,35,35,,,,,None,,,,du,1,sllip_006,60.0304567365,1C,auditory,2020_Jan_07_1838,
bu.wav,4,1,20,229,S,0,36,36,36,,,,,None,,,,du,1,sllip_006,60.0304567365,1C,auditory,2020_Jan_07_1838,
pa.wav,4,2,20,230,S,0,37,37,37,,,,,None,,,,du,1,sllip_006,60.0304567365,1C,auditory,2020_Jan_07_1838,
da.wav,4,3,20,231,S,0,38,38,38,,,,,None,,,,du,1,sllip_006,60.0304567365,1C,auditory,2020_Jan_07_1838,
ta.wav,3,1,20,232,S,0,39,39,39,,,,,None,,,,du,1,sllip_006,60.0304567365,1C,auditory,2020_Jan_07_1838,
ti.wav,3,2,20,233,S,0,40,40,40,,,,,None,,,,du,1,sllip_006,60.0304567365,1C,auditory,2020_Jan_07_1838,
du.wav,3,3,20,234,S,0,41,41,41,,,,,4,0.208877086639,,,du,1,sllip_006,60.0304567365,1C,auditory,2020_Jan_07_1838,
pi.wav,1,1,20,235,S,0,42,42,42,,,,,None,,,,du,1,sllip_006,60.0304567365,1C,auditory,2020_Jan_07_1838,
tu.wav,1,2,20,236,S,0,43,43,43,,,,,None,,,,du,1,sllip_006,60.0304567365,1C,auditory,2020_Jan_07_1838,
bi.wav,1,3,20,237,S,0,44,44,44,,,,,None,,,,du,1,sllip_006,60.0304567365,1C,auditory,2020_Jan_07_1838,
di.wav,2,1,20,238,S,0,45,45,45,,,,,None,,,,du,1,sllip_006,60.0304567365,1C,auditory,2020_Jan_07_1838,
ba.wav,2,2,20,239,S,0,46,46,46,,,,,None,,,,du,1,sllip_006,60.0304567365,1C,auditory,2020_Jan_07_1838,
pu.wav,2,3,20,240,S,0,47,47,47,,,,,None,,,,du,1,sllip_006,60.0304567365,1C,auditory,2020_Jan_07_1838,
bu.wav,4,1,21,241,S,0,48,48,48,,,,,4,0.341006994247,,,du,1,sllip_006,60.0304567365,1C,auditory,2020_Jan_07_1838,
pa.wav,4,2,21,242,S,0,49,49,49,,,,,None,,,,du,1,sllip_006,60.0304567365,1C,auditory,2020_Jan_07_1838,
da.wav,4,3,21,243,S,0,50,50,50,,,,,None,,,,du,1,sllip_006,60.0304567365,1C,auditory,2020_Jan_07_1838,
pi.wav,1,1,21,244,S,0,51,51,51,,,,,None,,,,du,1,sllip_006,60.0304567365,1C,auditory,2020_Jan_07_1838,
tu.wav,1,2,21,245,S,0,52,52,52,,,,,None,,,,du,1,sllip_006,60.0304567365,1C,auditory,2020_Jan_07_1838,
bi.wav,1,3,21,246,S,0,53,53,53,,,,,None,,,,du,1,sllip_006,60.0304567365,1C,auditory,2020_Jan_07_1838,
ta.wav,3,1,21,247,S,0,54,54,54,,,,,None,,,,du,1,sllip_006,60.0304567365,1C,auditory,2020_Jan_07_1838,
ti.wav,3,2,21,248,S,0,55,55,55,,,,,None,,,,du,1,sllip_006,60.0304567365,1C,auditory,2020_Jan_07_1838,
du.wav,3,3,21,249,S,0,56,56,56,,,,,None,,,,du,1,sllip_006,60.0304567365,1C,auditory,2020_Jan_07_1838,
bu.wav,4,1,22,250,S,0,57,57,57,,,,,None,,,,du,1,sllip_006,60.0304567365,1C,auditory,2020_Jan_07_1838,
pa.wav,4,2,22,251,S,0,58,58,58,,,,,None,,,,du,1,sllip_006,60.0304567365,1C,auditory,2020_Jan_07_1838,
da.wav,4,3,22,252,S,0,59,59,59,,,,,None,,,,du,1,sllip_006,60.0304567365,1C,auditory,2020_Jan_07_1838,
pi.wav,1,1,22,253,S,0,60,60,60,,,,,None,,,,du,1,sllip_006,60.0304567365,1C,auditory,2020_Jan_07_1838,
tu.wav,1,2,22,254,S,0,61,61,61,,,,,None,,,,du,1,sllip_006,60.0304567365,1C,auditory,2020_Jan_07_1838,
bi.wav,1,3,22,255,S,0,62,62,62,,,,,None,,,,du,1,sllip_006,60.0304567365,1C,auditory,2020_Jan_07_1838,
ta.wav,3,1,22,256,S,0,63,63,63,,,,,None,,,,du,1,sllip_006,60.0304567365,1C,auditory,2020_Jan_07_1838,
ti.wav,3,2,22,257,S,0,64,64,64,,,,,None,,,,du,1,sllip_006,60.0304567365,1C,auditory,2020_Jan_07_1838,
du.wav,3,3,22,258,S,0,65,65,65,,,,,None,,,,du,1,sllip_006,60.0304567365,1C,auditory,2020_Jan_07_1838,
di.wav,2,1,21,259,S,0,66,66,66,,,,,None,,,,du,1,sllip_006,60.0304567365,1C,auditory,2020_Jan_07_1838,
ba.wav,2,2,21,260,S,0,67,67,67,,,,,None,,,,du,1,sllip_006,60.0304567365,1C,auditory,2020_Jan_07_1838,
pu.wav,2,3,21,261,S,0,68,68,68,,,,,None,,,,du,1,sllip_006,60.0304567365,1C,auditory,2020_Jan_07_1838,
bu.wav,4,1,23,262,S,0,69,69,69,,,,,4,0.323618888855,,,du,1,sllip_006,60.0304567365,1C,auditory,2020_Jan_07_1838,
pa.wav,4,2,23,263,S,0,70,70,70,,,,,None,,,,du,1,sllip_006,60.0304567365,1C,auditory,2020_Jan_07_1838,
da.wav,4,3,23,264,S,0,71,71,71,,,,,None,,,,du,1,sllip_006,60.0304567365,1C,auditory,2020_Jan_07_1838,
di.wav,2,1,22,265,S,0,72,72,72,,,,,4,0.252961158752,,,du,1,sllip_006,60.0304567365,1C,auditory,2020_Jan_07_1838,
ba.wav,2,2,22,266,S,0,73,73,73,,,,,None,,,,du,1,sllip_006,60.0304567365,1C,auditory,2020_Jan_07_1838,
pu.wav,2,3,22,267,S,0,74,74,74,,,,,4,0.0895240306854,,,du,1,sllip_006,60.0304567365,1C,auditory,2020_Jan_07_1838,
ta.wav,3,1,23,268,S,0,75,75,75,,,,,4,0.422808885574,,,du,1,sllip_006,60.0304567365,1C,auditory,2020_Jan_07_1838,
ti.wav,3,2,23,269,S,0,76,76,76,,,,,None,,,,du,1,sllip_006,60.0304567365,1C,auditory,2020_Jan_07_1838,
du.wav,3,3,23,270,S,0,77,77,77,,,,,4,0.237784862518,,,du,1,sllip_006,60.0304567365,1C,auditory,2020_Jan_07_1838,
pi.wav,1,1,23,271,S,0,78,78,78,,,,,4,0.455058813095,,,du,1,sllip_006,60.0304567365,1C,auditory,2020_Jan_07_1838,
tu.wav,1,2,23,272,S,0,79,79,79,,,,,None,,,,du,1,sllip_006,60.0304567365,1C,auditory,2020_Jan_07_1838,
bi.wav,1,3,23,273,S,0,80,80,80,,,,,None,,,,du,1,sllip_006,60.0304567365,1C,auditory,2020_Jan_07_1838,
di.wav,2,1,23,274,S,0,81,81,81,,,,,None,,,,du,1,sllip_006,60.0304567365,1C,auditory,2020_Jan_07_1838,
ba.wav,2,2,23,275,S,0,82,82,82,,,,,None,,,,du,1,sllip_006,60.0304567365,1C,auditory,2020_Jan_07_1838,
pu.wav,2,3,23,276,S,0,83,83,83,,,,,None,,,,du,1,sllip_006,60.0304567365,1C,auditory,2020_Jan_07_1838,
ta.wav,3,1,24,277,S,0,84,84,84,,,,,None,,,,du,1,sllip_006,60.0304567365,1C,auditory,2020_Jan_07_1838,
ti.wav,3,2,24,278,S,0,85,85,85,,,,,None,,,,du,1,sllip_006,60.0304567365,1C,auditory,2020_Jan_07_1838,
du.wav,3,3,24,279,S,0,86,86,86,,,,,None,,,,du,1,sllip_006,60.0304567365,1C,auditory,2020_Jan_07_1838,
bu.wav,4,1,24,280,S,0,87,87,87,,,,,None,,,,du,1,sllip_006,60.0304567365,1C,auditory,2020_Jan_07_1838,
pa.wav,4,2,24,281,S,0,88,88,88,,,,,None,,,,du,1,sllip_006,60.0304567365,1C,auditory,2020_Jan_07_1838,
da.wav,4,3,24,282,S,0,89,89,89,,,,,None,,,,du,1,sllip_006,60.0304567365,1C,auditory,2020_Jan_07_1838,
pi.wav,1,1,24,283,S,0,90,90,90,,,,,None,,,,du,1,sllip_006,60.0304567365,1C,auditory,2020_Jan_07_1838,
tu.wav,1,2,24,284,S,0,91,91,91,,,,,None,,,,du,1,sllip_006,60.0304567365,1C,auditory,2020_Jan_07_1838,
bi.wav,1,3,24,285,S,0,92,92,92,,,,,None,,,,du,1,sllip_006,60.0304567365,1C,auditory,2020_Jan_07_1838,
di.wav,2,1,24,286,S,0,93,93,93,,,,,None,,,,du,1,sllip_006,60.0304567365,1C,auditory,2020_Jan_07_1838,
ba.wav,2,2,24,287,S,0,94,94,94,,,,,None,,,,du,1,sllip_006,60.0304567365,1C,auditory,2020_Jan_07_1838,
pu.wav,2,3,24,288,S,0,95,95,95,,,,,None,,,,du,1,sllip_006,60.0304567365,1C,auditory,2020_Jan_07_1838,
silence.wav,0,0,0,0,B,0,96,96,96,,,,,None,,,,du,1,sllip_006,60.0304567365,1C,auditory,2020_Jan_07_1838,
silence.wav,0,0,0,0,B,0,97,97,97,,,,,None,,,,du,1,sllip_006,60.0304567365,1C,auditory,2020_Jan_07_1838,
silence.wav,0,0,0,0,B,0,98,98,98,,,,,None,,,,du,1,sllip_006,60.0304567365,1C,auditory,2020_Jan_07_1838,
silence.wav,0,0,0,0,B,0,99,99,99,,,,,None,,,,du,1,sllip_006,60.0304567365,1C,auditory,2020_Jan_07_1838,
silence.wav,0,0,0,0,B,0,100,100,100,,,,,None,,,,du,1,sllip_006,60.0304567365,1C,auditory,2020_Jan_07_1838,
silence.wav,0,0,0,0,B,0,101,101,101,,,,,None,,,,du,1,sllip_006,60.0304567365,1C,auditory,2020_Jan_07_1838,
silence.wav,0,0,0,0,B,0,102,102,102,,,,,None,,,,du,1,sllip_006,60.0304567365,1C,auditory,2020_Jan_07_1838,
silence.wav,0,0,0,0,B,0,103,103,103,,,,,None,,,,du,1,sllip_006,60.0304567365,1C,auditory,2020_Jan_07_1838,
silence.wav,0,0,0,0,B,0,104,104,104,,,,,None,,,,du,1,sllip_006,60.0304567365,1C,auditory,2020_Jan_07_1838,
silence.wav,0,0,0,0,B,0,105,105,105,,,,,None,,,,du,1,sllip_006,60.0304567365,1C,auditory,2020_Jan_07_1838,
silence.wav,0,0,0,0,B,0,106,106,106,,,,,None,,,,du,1,sllip_006,60.0304567365,1C,auditory,2020_Jan_07_1838,
silence.wav,0,0,0,0,B,0,107,107,107,,,,,None,,,,du,1,sllip_006,60.0304567365,1C,auditory,2020_Jan_07_1838,
silence.wav,0,0,0,0,B,0,108,108,108,,,,,None,,,,du,1,sllip_006,60.0304567365,1C,auditory,2020_Jan_07_1838,
pi.wav,1,1,1,1,S,0,0,0,0,,,,,None,,,,du,1,sllip_006,60.0304567365,1C,auditory,2020_Jan_07_1838,
tu.wav,1,2,1,2,S,0,1,1,1,,,,,None,,,,du,1,sllip_006,60.0304567365,1C,auditory,2020_Jan_07_1838,
bi.wav,1,3,1,3,S,0,2,2,2,,,,,None,,,,du,1,sllip_006,60.0304567365,1C,auditory,2020_Jan_07_1838,
di.wav,2,1,1,4,S,0,3,3,3,,,,,None,,,,du,1,sllip_006,60.0304567365,1C,auditory,2020_Jan_07_1838,
ba.wav,2,2,1,5,S,0,4,4,4,,,,,None,,,,du,1,sllip_006,60.0304567365,1C,auditory,2020_Jan_07_1838,
pu.wav,2,3,1,6,S,0,5,5,5,,,,,None,,,,du,1,sllip_006,60.0304567365,1C,auditory,2020_Jan_07_1838,
ta.wav,3,1,1,7,S,0,6,6,6,,,,,None,,,,du,1,sllip_006,60.0304567365,1C,auditory,2020_Jan_07_1838,
ti.wav,3,2,1,8,S,0,7,7,7,,,,,None,,,,du,1,sllip_006,60.0304567365,1C,auditory,2020_Jan_07_1838,
du.wav,3,3,1,9,S,0,8,8,8,,,,,None,,,,du,1,sllip_006,60.0304567365,1C,auditory,2020_Jan_07_1838,
pi.wav,1,1,2,10,S,0,9,9,9,,,,,4,0.405222892761,,,du,1,sllip_006,60.0304567365,1C,auditory,2020_Jan_07_1838,
tu.wav,1,2,2,11,S,0,10,10,10,,,,,4,0.374128818512,,,du,1,sllip_006,60.0304567365,1C,auditory,2020_Jan_07_1838,
bi.wav,1,3,2,12,S,0,11,11,11,,,,,4,0.273673057556,,,du,1,sllip_006,60.0304567365,1C,auditory,2020_Jan_07_1838,
bu.wav,4,1,1,13,S,0,12,12,12,,,,,4,0.258785009384,,,du,1,sllip_006,60.0304567365,1C,auditory,2020_Jan_07_1838,
pa.wav,4,2,1,14,S,0,13,13,13,,,,,4,0.139518976212,,,du,1,sllip_006,60.0304567365,1C,auditory,2020_Jan_07_1838,
da.wav,4,3,1,15,S,0,14,14,14,,,,,4,0.153645992279,,,du,1,sllip_006,60.0304567365,1C,auditory,2020_Jan_07_1838,
di.wav,2,1,2,16,S,0,15,15,15,,,,,4,0.0882949829102,,,du,1,sllip_006,60.0304567365,1C,auditory,2020_Jan_07_1838,
ba.wav,2,2,2,17,S,0,16,16,16,,,,,4,0.109862089157,,,du,1,sllip_006,60.0304567365,1C,auditory,2020_Jan_07_1838,
pu.wav,2,3,2,18,S,0,17,17,17,,,,,4,0.408577919006,,,du,1,sllip_006,60.0304567365,1C,auditory,2020_Jan_07_1838,
ta.wav,3,1,2,19,S,0,18,18,18,,,,,None,,,,du,1,sllip_006,60.0304567365,1C,auditory,2020_Jan_07_1838,
ti.wav,3,2,2,20,S,0,19,19,19,,,,,None,,,,du,1,sllip_006,60.0304567365,1C,auditory,2020_Jan_07_1838,
du.wav,3,3,2,21,S,0,20,20,20,,,,,None,,,,du,1,sllip_006,60.0304567365,1C,auditory,2020_Jan_07_1838,
pi.wav,1,1,3,22,S,0,21,21,21,,,,,None,,,,du,1,sllip_006,60.0304567365,1C,auditory,2020_Jan_07_1838,
tu.wav,1,2,3,23,S,0,22,22,22,,,,,None,,,,du,1,sllip_006,60.0304567365,1C,auditory,2020_Jan_07_1838,
bi.wav,1,3,3,24,S,0,23,23,23,,,,,None,,,,du,1,sllip_006,60.0304567365,1C,auditory,2020_Jan_07_1838,
bu.wav,4,1,2,25,S,0,24,24,24,,,,,None,,,,du,1,sllip_006,60.0304567365,1C,auditory,2020_Jan_07_1838,
pa.wav,4,2,2,26,S,0,25,25,25,,,,,None,,,,du,1,sllip_006,60.0304567365,1C,auditory,2020_Jan_07_1838,
da.wav,4,3,2,27,S,0,26,26,26,,,,,None,,,,du,1,sllip_006,60.0304567365,1C,auditory,2020_Jan_07_1838,
di.wav,2,1,3,28,S,0,27,27,27,,,,,None,,,,du,1,sllip_006,60.0304567365,1C,auditory,2020_Jan_07_1838,
ba.wav,2,2,3,29,S,0,28,28,28,,,,,None,,,,du,1,sllip_006,60.0304567365,1C,auditory,2020_Jan_07_1838,
pu.wav,2,3,3,30,S,0,29,29,29,,,,,None,,,,du,1,sllip_006,60.0304567365,1C,auditory,2020_Jan_07_1838,
bu.wav,4,1,3,31,S,0,30,30,30,,,,,None,,,,du,1,sllip_006,60.0304567365,1C,auditory,2020_Jan_07_1838,
pa.wav,4,2,3,32,S,0,31,31,31,,,,,None,,,,du,1,sllip_006,60.0304567365,1C,auditory,2020_Jan_07_1838,
da.wav,4,3,3,33,S,0,32,32,32,,,,,None,,,,du,1,sllip_006,60.0304567365,1C,auditory,2020_Jan_07_1838,
ta.wav,3,1,3,34,S,0,33,33,33,,,,,None,,,,du,1,sllip_006,60.0304567365,1C,auditory,2020_Jan_07_1838,
ti.wav,3,2,3,35,S,0,34,34,34,,,,,None,,,,du,1,sllip_006,60.0304567365,1C,auditory,2020_Jan_07_1838,
du.wav,3,3,3,36,S,0,35,35,35,,,,,None,,,,du,1,sllip_006,60.0304567365,1C,auditory,2020_Jan_07_1838,
pi.wav,1,1,4,37,S,0,36,36,36,,,,,None,,,,du,1,sllip_006,60.0304567365,1C,auditory,2020_Jan_07_1838,
tu.wav,1,2,4,38,S,0,37,37,37,,,,,None,,,,du,1,sllip_006,60.0304567365,1C,auditory,2020_Jan_07_1838,
bi.wav,1,3,4,39,S,0,38,38,38,,,,,None,,,,du,1,sllip_006,60.0304567365,1C,auditory,2020_Jan_07_1838,
ta.wav,3,1,4,40,S,0,39,39,39,,,,,None,,,,du,1,sllip_006,60.0304567365,1C,auditory,2020_Jan_07_1838,
ti.wav,3,2,4,41,S,0,40,40,40,,,,,None,,,,du,1,sllip_006,60.0304567365,1C,auditory,2020_Jan_07_1838,
du.wav,3,3,4,42,S,0,41,41,41,,,,,None,,,,du,1,sllip_006,60.0304567365,1C,auditory,2020_Jan_07_1838,
pi.wav,1,1,5,43,S,0,42,42,42,,,,,None,,,,du,1,sllip_006,60.0304567365,1C,auditory,2020_Jan_07_1838,
tu.wav,1,2,5,44,S,0,43,43,43,,,,,None,,,,du,1,sllip_006,60.0304567365,1C,auditory,2020_Jan_07_1838,
bi.wav,1,3,5,45,S,0,44,44,44,,,,,None,,,,du,1,sllip_006,60.0304567365,1C,auditory,2020_Jan_07_1838,
bu.wav,4,1,4,46,S,0,45,45,45,,,,,None,,,,du,1,sllip_006,60.0304567365,1C,auditory,2020_Jan_07_1838,
pa.wav,4,2,4,47,S,0,46,46,46,,,,,None,,,,du,1,sllip_006,60.0304567365,1C,auditory,2020_Jan_07_1838,
da.wav,4,3,4,48,S,0,47,47,47,,,,,None,,,,du,1,sllip_006,60.0304567365,1C,auditory,2020_Jan_07_1838,
di.wav,2,1,4,49,S,0,48,48,48,,,,,None,,,,du,1,sllip_006,60.0304567365,1C,auditory,2020_Jan_07_1838,
ba.wav,2,2,4,50,S,0,49,49,49,,,,,None,,,,du,1,sllip_006,60.0304567365,1C,auditory,2020_Jan_07_1838,
pu.wav,2,3,4,51,S,0,50,50,50,,,,,None,,,,du,1,sllip_006,60.0304567365,1C,auditory,2020_Jan_07_1838,
ta.wav,3,1,5,52,S,0,51,51,51,,,,,None,,,,du,1,sllip_006,60.0304567365,1C,auditory,2020_Jan_07_1838,
ti.wav,3,2,5,53,S,0,52,52,52,,,,,None,,,,du,1,sllip_006,60.0304567365,1C,auditory,2020_Jan_07_1838,
du.wav,3,3,5,54,S,0,53,53,53,,,,,None,,,,du,1,sllip_006,60.0304567365,1C,auditory,2020_Jan_07_1838,
pi.wav,1,1,6,55,S,0,54,54,54,,,,,None,,,,du,1,sllip_006,60.0304567365,1C,auditory,2020_Jan_07_1838,
tu.wav,1,2,6,56,S,0,55,55,55,,,,,None,,,,du,1,sllip_006,60.0304567365,1C,auditory,2020_Jan_07_1838,
bi.wav,1,3,6,57,S,0,56,56,56,,,,,None,,,,du,1,sllip_006,60.0304567365,1C,auditory,2020_Jan_07_1838,
bu.wav,4,1,5,58,S,0,57,57,57,,,,,None,,,,du,1,sllip_006,60.0304567365,1C,auditory,2020_Jan_07_1838,
pa.wav,4,2,5,59,S,0,58,58,58,,,,,None,,,,du,1,sllip_006,60.0304567365,1C,auditory,2020_Jan_07_1838,
da.wav,4,3,5,60,S,0,59,59,59,,,,,None,,,,du,1,sllip_006,60.0304567365,1C,auditory,2020_Jan_07_1838,
di.wav,2,1,5,61,S,0,60,60,60,,,,,None,,,,du,1,sllip_006,60.0304567365,1C,auditory,2020_Jan_07_1838,
ba.wav,2,2,5,62,S,0,61,61,61,,,,,None,,,,du,1,sllip_006,60.0304567365,1C,auditory,2020_Jan_07_1838,
pu.wav,2,3,5,63,S,0,62,62,62,,,,,None,,,,du,1,sllip_006,60.0304567365,1C,auditory,2020_Jan_07_1838,
bu.wav,4,1,6,64,S,0,63,63,63,,,,,None,,,,du,1,sllip_006,60.0304567365,1C,auditory,2020_Jan_07_1838,
pa.wav,4,2,6,65,S,0,64,64,64,,,,,None,,,,du,1,sllip_006,60.0304567365,1C,auditory,2020_Jan_07_1838,
da.wav,4,3,6,66,S,0,65,65,65,,,,,4,0.308114051819,,,du,1,sllip_006,60.0304567365,1C,auditory,2020_Jan_07_1838,
pi.wav,1,1,7,67,S,0,66,66,66,,,,,None,,,,du,1,sllip_006,60.0304567365,1C,auditory,2020_Jan_07_1838,
tu.wav,1,2,7,68,S,0,67,67,67,,,,,4,0.0889430046082,,,du,1,sllip_006,60.0304567365,1C,auditory,2020_Jan_07_1838,
bi.wav,1,3,7,69,S,0,68,68,68,,,,,4,0.0732579231262,,,du,1,sllip_006,60.0304567365,1C,auditory,2020_Jan_07_1838,
ta.wav,3,1,6,70,S,0,69,69,69,,,,,4,0.0358710289001,,,du,1,sllip_006,60.0304567365,1C,auditory,2020_Jan_07_1838,
ti.wav,3,2,6,71,S,0,70,70,70,,,,,4,0.05251288414,,,du,1,sllip_006,60.0304567365,1C,auditory,2020_Jan_07_1838,
du.wav,3,3,6,72,S,0,71,71,71,,,,,4,0.0227580070496,,,du,1,sllip_006,60.0304567365,1C,auditory,2020_Jan_07_1838,
di.wav,2,1,6,73,S,0,72,72,72,,,,,None,,,,du,1,sllip_006,60.0304567365,1C,auditory,2020_Jan_07_1838,
ba.wav,2,2,6,74,S,0,73,73,73,,,,,None,,,,du,1,sllip_006,60.0304567365,1C,auditory,2020_Jan_07_1838,
pu.wav,2,3,6,75,S,0,74,74,74,,,,,None,,,,du,1,sllip_006,60.0304567365,1C,auditory,2020_Jan_07_1838,
pi.wav,1,1,8,76,S,0,75,75,75,,,,,None,,,,du,1,sllip_006,60.0304567365,1C,auditory,2020_Jan_07_1838,
tu.wav,1,2,8,77,S,0,76,76,76,,,,,None,,,,du,1,sllip_006,60.0304567365,1C,auditory,2020_Jan_07_1838,
bi.wav,1,3,8,78,S,0,77,77,77,,,,,None,,,,du,1,sllip_006,60.0304567365,1C,auditory,2020_Jan_07_1838,
bu.wav,4,1,7,79,S,0,78,78,78,,,,,None,,,,du,1,sllip_006,60.0304567365,1C,auditory,2020_Jan_07_1838,
pa.wav,4,2,7,80,S,0,79,79,79,,,,,None,,,,du,1,sllip_006,60.0304567365,1C,auditory,2020_Jan_07_1838,
da.wav,4,3,7,81,S,0,80,80,80,,,,,None,,,,du,1,sllip_006,60.0304567365,1C,auditory,2020_Jan_07_1838,
ta.wav,3,1,7,82,S,0,81,81,81,,,,,None,,,,du,1,sllip_006,60.0304567365,1C,auditory,2020_Jan_07_1838,
ti.wav,3,2,7,83,S,0,82,82,82,,,,,None,,,,du,1,sllip_006,60.0304567365,1C,auditory,2020_Jan_07_1838,
du.wav,3,3,7,84,S,0,83,83,83,,,,,None,,,,du,1,sllip_006,60.0304567365,1C,auditory,2020_Jan_07_1838,
di.wav,2,1,7,85,S,0,84,84,84,,,,,None,,,,du,1,sllip_006,60.0304567365,1C,auditory,2020_Jan_07_1838,
ba.wav,2,2,7,86,S,0,85,85,85,,,,,None,,,,du,1,sllip_006,60.0304567365,1C,auditory,2020_Jan_07_1838,
pu.wav,2,3,7,87,S,0,86,86,86,,,,,None,,,,du,1,sllip_006,60.0304567365,1C,auditory,2020_Jan_07_1838,
bu.wav,4,1,8,88,S,0,87,87,87,,,,,None,,,,du,1,sllip_006,60.0304567365,1C,auditory,2020_Jan_07_1838,
pa.wav,4,2,8,89,S,0,88,88,88,,,,,None,,,,du,1,sllip_006,60.0304567365,1C,auditory,2020_Jan_07_1838,
da.wav,4,3,8,90,S,0,89,89,89,,,,,None,,,,du,1,sllip_006,60.0304567365,1C,auditory,2020_Jan_07_1838,
pi.wav,1,1,9,91,S,0,90,90,90,,,,,None,,,,du,1,sllip_006,60.0304567365,1C,auditory,2020_Jan_07_1838,
tu.wav,1,2,9,92,S,0,91,91,91,,,,,None,,,,du,1,sllip_006,60.0304567365,1C,auditory,2020_Jan_07_1838,
bi.wav,1,3,9,93,S,0,92,92,92,,,,,None,,,,du,1,sllip_006,60.0304567365,1C,auditory,2020_Jan_07_1838,
ta.wav,3,1,8,94,S,0,93,93,93,,,,,None,,,,du,1,sllip_006,60.0304567365,1C,auditory,2020_Jan_07_1838,
ti.wav,3,2,8,95,S,0,94,94,94,,,,,None,,,,du,1,sllip_006,60.0304567365,1C,auditory,2020_Jan_07_1838,
du.wav,3,3,8,96,S,0,95,95,95,,,,,None,,,,du,1,sllip_006,60.0304567365,1C,auditory,2020_Jan_07_1838,
silence.wav,0,0,0,0,B,0,96,96,96,,,,,None,,,,du,1,sllip_006,60.0304567365,1C,auditory,2020_Jan_07_1838,
silence.wav,0,0,0,0,B,0,97,97,97,,,,,None,,,,du,1,sllip_006,60.0304567365,1C,auditory,2020_Jan_07_1838,
silence.wav,0,0,0,0,B,0,98,98,98,,,,,None,,,,du,1,sllip_006,60.0304567365,1C,auditory,2020_Jan_07_1838,
silence.wav,0,0,0,0,B,0,99,99,99,,,,,None,,,,du,1,sllip_006,60.0304567365,1C,auditory,2020_Jan_07_1838,
silence.wav,0,0,0,0,B,0,100,100,100,,,,,None,,,,du,1,sllip_006,60.0304567365,1C,auditory,2020_Jan_07_1838,
silence.wav,0,0,0,0,B,0,101,101,101,,,,,None,,,,du,1,sllip_006,60.0304567365,1C,auditory,2020_Jan_07_1838,
silence.wav,0,0,0,0,B,0,102,102,102,,,,,None,,,,du,1,sllip_006,60.0304567365,1C,auditory,2020_Jan_07_1838,
silence.wav,0,0,0,0,B,0,103,103,103,,,,,None,,,,du,1,sllip_006,60.0304567365,1C,auditory,2020_Jan_07_1838,
silence.wav,0,0,0,0,B,0,104,104,104,,,,,None,,,,du,1,sllip_006,60.0304567365,1C,auditory,2020_Jan_07_1838,
silence.wav,0,0,0,0,B,0,105,105,105,,,,,None,,,,du,1,sllip_006,60.0304567365,1C,auditory,2020_Jan_07_1838,
silence.wav,0,0,0,0,B,0,106,106,106,,,,,None,,,,du,1,sllip_006,60.0304567365,1C,auditory,2020_Jan_07_1838,
silence.wav,0,0,0,0,B,0,107,107,107,,,,,None,,,,du,1,sllip_006,60.0304567365,1C,auditory,2020_Jan_07_1838,
silence.wav,0,0,0,0,B,0,108,108,108,,,,,None,,,,du,1,sllip_006,60.0304567365,1C,auditory,2020_Jan_07_1838,
pi.wav,1,1,10,97,S,0,0,0,0,,,,,None,,,,du,1,sllip_006,60.0304567365,1C,auditory,2020_Jan_07_1838,
tu.wav,1,2,10,98,S,0,1,1,1,,,,,None,,,,du,1,sllip_006,60.0304567365,1C,auditory,2020_Jan_07_1838,
bi.wav,1,3,10,99,S,0,2,2,2,,,,,None,,,,du,1,sllip_006,60.0304567365,1C,auditory,2020_Jan_07_1838,
di.wav,2,1,8,100,S,0,3,3,3,,,,,None,,,,du,1,sllip_006,60.0304567365,1C,auditory,2020_Jan_07_1838,
ba.wav,2,2,8,101,S,0,4,4,4,,,,,None,,,,du,1,sllip_006,60.0304567365,1C,auditory,2020_Jan_07_1838,
pu.wav,2,3,8,102,S,0,5,5,5,,,,,None,,,,du,1,sllip_006,60.0304567365,1C,auditory,2020_Jan_07_1838,
bu.wav,4,1,9,103,S,0,6,6,6,,,,,None,,,,du,1,sllip_006,60.0304567365,1C,auditory,2020_Jan_07_1838,
pa.wav,4,2,9,104,S,0,7,7,7,,,,,None,,,,du,1,sllip_006,60.0304567365,1C,auditory,2020_Jan_07_1838,
da.wav,4,3,9,105,S,0,8,8,8,,,,,None,,,,du,1,sllip_006,60.0304567365,1C,auditory,2020_Jan_07_1838,
ta.wav,3,1,9,106,S,0,9,9,9,,,,,None,,,,du,1,sllip_006,60.0304567365,1C,auditory,2020_Jan_07_1838,
ti.wav,3,2,9,107,S,0,10,10,10,,,,,None,,,,du,1,sllip_006,60.0304567365,1C,auditory,2020_Jan_07_1838,
du.wav,3,3,9,108,S,0,11,11,11,,,,,None,,,,du,1,sllip_006,60.0304567365,1C,auditory,2020_Jan_07_1838,
di.wav,2,1,9,109,S,0,12,12,12,,,,,None,,,,du,1,sllip_006,60.0304567365,1C,auditory,2020_Jan_07_1838,
ba.wav,2,2,9,110,S,0,13,13,13,,,,,None,,,,du,1,sllip_006,60.0304567365,1C,auditory,2020_Jan_07_1838,
pu.wav,2,3,9,111,S,0,14,14,14,,,,,None,,,,du,1,sllip_006,60.0304567365,1C,auditory,2020_Jan_07_1838,
pi.wav,1,1,11,112,S,0,15,15,15,,,,,None,,,,du,1,sllip_006,60.0304567365,1C,auditory,2020_Jan_07_1838,
tu.wav,1,2,11,113,S,0,16,16,16,,,,,None,,,,du,1,sllip_006,60.0304567365,1C,auditory,2020_Jan_07_1838,
bi.wav,1,3,11,114,S,0,17,17,17,,,,,None,,,,du,1,sllip_006,60.0304567365,1C,auditory,2020_Jan_07_1838,
ta.wav,3,1,10,115,S,0,18,18,18,,,,,None,,,,du,1,sllip_006,60.0304567365,1C,auditory,2020_Jan_07_1838,
ti.wav,3,2,10,116,S,0,19,19,19,,,,,None,,,,du,1,sllip_006,60.0304567365,1C,auditory,2020_Jan_07_1838,
du.wav,3,3,10,117,S,0,20,20,20,,,,,None,,,,du,1,sllip_006,60.0304567365,1C,auditory,2020_Jan_07_1838,
bu.wav,4,1,10,118,S,0,21,21,21,,,,,None,,,,du,1,sllip_006,60.0304567365,1C,auditory,2020_Jan_07_1838,
pa.wav,4,2,10,119,S,0,22,22,22,,,,,None,,,,du,1,sllip_006,60.0304567365,1C,auditory,2020_Jan_07_1838,
da.wav,4,3,10,120,S,0,23,23,23,,,,,None,,,,du,1,sllip_006,60.0304567365,1C,auditory,2020_Jan_07_1838,
di.wav,2,1,10,121,S,0,24,24,24,,,,,None,,,,du,1,sllip_006,60.0304567365,1C,auditory,2020_Jan_07_1838,
ba.wav,2,2,10,122,S,0,25,25,25,,,,,None,,,,du,1,sllip_006,60.0304567365,1C,auditory,2020_Jan_07_1838,
pu.wav,2,3,10,123,S,0,26,26,26,,,,,None,,,,du,1,sllip_006,60.0304567365,1C,auditory,2020_Jan_07_1838,
pi.wav,1,1,12,124,S,0,27,27,27,,,,,None,,,,du,1,sllip_006,60.0304567365,1C,auditory,2020_Jan_07_1838,
tu.wav,1,2,12,125,S,0,28,28,28,,,,,None,,,,du,1,sllip_006,60.0304567365,1C,auditory,2020_Jan_07_1838,
bi.wav,1,3,12,126,S,0,29,29,29,,,,,None,,,,du,1,sllip_006,60.0304567365,1C,auditory,2020_Jan_07_1838,
di.wav,2,1,11,127,S,0,30,30,30,,,,,None,,,,du,1,sllip_006,60.0304567365,1C,auditory,2020_Jan_07_1838,
ba.wav,2,2,11,128,S,0,31,31,31,,,,,None,,,,du,1,sllip_006,60.0304567365,1C,auditory,2020_Jan_07_1838,
pu.wav,2,3,11,129,S,0,32,32,32,,,,,None,,,,du,1,sllip_006,60.0304567365,1C,auditory,2020_Jan_07_1838,
bu.wav,4,1,11,130,S,0,33,33,33,,,,,None,,,,du,1,sllip_006,60.0304567365,1C,auditory,2020_Jan_07_1838,
pa.wav,4,2,11,131,S,0,34,34,34,,,,,None,,,,du,1,sllip_006,60.0304567365,1C,auditory,2020_Jan_07_1838,
da.wav,4,3,11,132,S,0,35,35,35,,,,,4,0.0744540691376,,,du,1,sllip_006,60.0304567365,1C,auditory,2020_Jan_07_1838,
ta.wav,3,1,11,133,S,0,36,36,36,,,,,None,,,,du,1,sllip_006,60.0304567365,1C,auditory,2020_Jan_07_1838,
ti.wav,3,2,11,134,S,0,37,37,37,,,,,4,0.152245044708,,,du,1,sllip_006,60.0304567365,1C,auditory,2020_Jan_07_1838,
du.wav,3,3,11,135,S,0,38,38,38,,,,,4,0.287529945374,,,du,1,sllip_006,60.0304567365,1C,auditory,2020_Jan_07_1838,
bu.wav,4,1,12,136,S,0,39,39,39,,,,,None,,,,du,1,sllip_006,60.0304567365,1C,auditory,2020_Jan_07_1838,
pa.wav,4,2,12,137,S,0,40,40,40,,,,,None,,,,du,1,sllip_006,60.0304567365,1C,auditory,2020_Jan_07_1838,
da.wav,4,3,12,138,S,0,41,41,41,,,,,None,,,,du,1,sllip_006,60.0304567365,1C,auditory,2020_Jan_07_1838,
ta.wav,3,1,12,139,S,0,42,42,42,,,,,None,,,,du,1,sllip_006,60.0304567365,1C,auditory,2020_Jan_07_1838,
ti.wav,3,2,12,140,S,0,43,43,43,,,,,None,,,,du,1,sllip_006,60.0304567365,1C,auditory,2020_Jan_07_1838,
du.wav,3,3,12,141,S,0,44,44,44,,,,,None,,,,du,1,sllip_006,60.0304567365,1C,auditory,2020_Jan_07_1838,
di.wav,2,1,12,142,S,0,45,45,45,,,,,None,,,,du,1,sllip_006,60.0304567365,1C,auditory,2020_Jan_07_1838,
ba.wav,2,2,12,143,S,0,46,46,46,,,,,None,,,,du,1,sllip_006,60.0304567365,1C,auditory,2020_Jan_07_1838,
pu.wav,2,3,12,144,S,0,47,47,47,,,,,None,,,,du,1,sllip_006,60.0304567365,1C,auditory,2020_Jan_07_1838,
pi.wav,1,1,13,145,S,0,48,48,48,,,,,None,,,,du,1,sllip_006,60.0304567365,1C,auditory,2020_Jan_07_1838,
tu.wav,1,2,13,146,S,0,49,49,49,,,,,None,,,,du,1,sllip_006,60.0304567365,1C,auditory,2020_Jan_07_1838,
bi.wav,1,3,13,147,S,0,50,50,50,,,,,None,,,,du,1,sllip_006,60.0304567365,1C,auditory,2020_Jan_07_1838,
ta.wav,3,1,13,148,S,0,51,51,51,,,,,None,,,,du,1,sllip_006,60.0304567365,1C,auditory,2020_Jan_07_1838,
ti.wav,3,2,13,149,S,0,52,52,52,,,,,None,,,,du,1,sllip_006,60.0304567365,1C,auditory,2020_Jan_07_1838,
du.wav,3,3,13,150,S,0,53,53,53,,,,,None,,,,du,1,sllip_006,60.0304567365,1C,auditory,2020_Jan_07_1838,
pi.wav,1,1,14,151,S,0,54,54,54,,,,,None,,,,du,1,sllip_006,60.0304567365,1C,auditory,2020_Jan_07_1838,
tu.wav,1,2,14,152,S,0,55,55,55,,,,,None,,,,du,1,sllip_006,60.0304567365,1C,auditory,2020_Jan_07_1838,
bi.wav,1,3,14,153,S,0,56,56,56,,,,,None,,,,du,1,sllip_006,60.0304567365,1C,auditory,2020_Jan_07_1838,
bu.wav,4,1,13,154,S,0,57,57,57,,,,,None,,,,du,1,sllip_006,60.0304567365,1C,auditory,2020_Jan_07_1838,
pa.wav,4,2,13,155,S,0,58,58,58,,,,,None,,,,du,1,sllip_006,60.0304567365,1C,auditory,2020_Jan_07_1838,
da.wav,4,3,13,156,S,0,59,59,59,,,,,None,,,,du,1,sllip_006,60.0304567365,1C,auditory,2020_Jan_07_1838,
di.wav,2,1,13,157,S,0,60,60,60,,,,,None,,,,du,1,sllip_006,60.0304567365,1C,auditory,2020_Jan_07_1838,
ba.wav,2,2,13,158,S,0,61,61,61,,,,,None,,,,du,1,sllip_006,60.0304567365,1C,auditory,2020_Jan_07_1838,
pu.wav,2,3,13,159,S,0,62,62,62,,,,,None,,,,du,1,sllip_006,60.0304567365,1C,auditory,2020_Jan_07_1838,
pi.wav,1,1,15,160,S,0,63,63,63,,,,,None,,,,du,1,sllip_006,60.0304567365,1C,auditory,2020_Jan_07_1838,
tu.wav,1,2,15,161,S,0,64,64,64,,,,,None,,,,du,1,sllip_006,60.0304567365,1C,auditory,2020_Jan_07_1838,
bi.wav,1,3,15,162,S,0,65,65,65,,,,,None,,,,du,1,sllip_006,60.0304567365,1C,auditory,2020_Jan_07_1838,
bu.wav,4,1,14,163,S,0,66,66,66,,,,,None,,,,du,1,sllip_006,60.0304567365,1C,auditory,2020_Jan_07_1838,
pa.wav,4,2,14,164,S,0,67,67,67,,,,,None,,,,du,1,sllip_006,60.0304567365,1C,auditory,2020_Jan_07_1838,
da.wav,4,3,14,165,S,0,68,68,68,,,,,None,,,,du,1,sllip_006,60.0304567365,1C,auditory,2020_Jan_07_1838,
di.wav,2,1,14,166,S,0,69,69,69,,,,,4,0.203086137772,,,du,1,sllip_006,60.0304567365,1C,auditory,2020_Jan_07_1838,
ba.wav,2,2,14,167,S,0,70,70,70,,,,,None,,,,du,1,sllip_006,60.0304567365,1C,auditory,2020_Jan_07_1838,
pu.wav,2,3,14,168,S,0,71,71,71,,,,,None,,,,du,1,sllip_006,60.0304567365,1C,auditory,2020_Jan_07_1838,
ta.wav,3,1,14,169,S,0,72,72,72,,,,,None,,,,du,1,sllip_006,60.0304567365,1C,auditory,2020_Jan_07_1838,
ti.wav,3,2,14,170,S,0,73,73,73,,,,,None,,,,du,1,sllip_006,60.0304567365,1C,auditory,2020_Jan_07_1838,
du.wav,3,3,14,171,S,0,74,74,74,,,,,None,,,,du,1,sllip_006,60.0304567365,1C,auditory,2020_Jan_07_1838,
di.wav,2,1,15,172,S,0,75,75,75,,,,,None,,,,du,1,sllip_006,60.0304567365,1C,auditory,2020_Jan_07_1838,
ba.wav,2,2,15,173,S,0,76,76,76,,,,,None,,,,du,1,sllip_006,60.0304567365,1C,auditory,2020_Jan_07_1838,
pu.wav,2,3,15,174,S,0,77,77,77,,,,,None,,,,du,1,sllip_006,60.0304567365,1C,auditory,2020_Jan_07_1838,
pi.wav,1,1,16,175,S,0,78,78,78,,,,,None,,,,du,1,sllip_006,60.0304567365,1C,auditory,2020_Jan_07_1838,
tu.wav,1,2,16,176,S,0,79,79,79,,,,,None,,,,du,1,sllip_006,60.0304567365,1C,auditory,2020_Jan_07_1838,
bi.wav,1,3,16,177,S,0,80,80,80,,,,,None,,,,du,1,sllip_006,60.0304567365,1C,auditory,2020_Jan_07_1838,
ta.wav,3,1,15,178,S,0,81,81,81,,,,,None,,,,du,1,sllip_006,60.0304567365,1C,auditory,2020_Jan_07_1838,
ti.wav,3,2,15,179,S,0,82,82,82,,,,,None,,,,du,1,sllip_006,60.0304567365,1C,auditory,2020_Jan_07_1838,
du.wav,3,3,15,180,S,0,83,83,83,,,,,None,,,,du,1,sllip_006,60.0304567365,1C,auditory,2020_Jan_07_1838,
bu.wav,4,1,15,181,S,0,84,84,84,,,,,None,,,,du,1,sllip_006,60.0304567365,1C,auditory,2020_Jan_07_1838,
pa.wav,4,2,15,182,S,0,85,85,85,,,,,None,,,,du,1,sllip_006,60.0304567365,1C,auditory,2020_Jan_07_1838,
da.wav,4,3,15,183,S,0,86,86,86,,,,,None,,,,du,1,sllip_006,60.0304567365,1C,auditory,2020_Jan_07_1838,
ta.wav,3,1,16,184,S,0,87,87,87,,,,,None,,,,du,1,sllip_006,60.0304567365,1C,auditory,2020_Jan_07_1838,
ti.wav,3,2,16,185,S,0,88,88,88,,,,,None,,,,du,1,sllip_006,60.0304567365,1C,auditory,2020_Jan_07_1838,
du.wav,3,3,16,186,S,0,89,89,89,,,,,None,,,,du,1,sllip_006,60.0304567365,1C,auditory,2020_Jan_07_1838,
di.wav,2,1,16,187,S,0,90,90,90,,,,,None,,,,du,1,sllip_006,60.0304567365,1C,auditory,2020_Jan_07_1838,
ba.wav,2,2,16,188,S,0,91,91,91,,,,,None,,,,du,1,sllip_006,60.0304567365,1C,auditory,2020_Jan_07_1838,
pu.wav,2,3,16,189,S,0,92,92,92,,,,,None,,,,du,1,sllip_006,60.0304567365,1C,auditory,2020_Jan_07_1838,
bu.wav,4,1,16,190,S,0,93,93,93,,,,,None,,,,du,1,sllip_006,60.0304567365,1C,auditory,2020_Jan_07_1838,
pa.wav,4,2,16,191,S,0,94,94,94,,,,,None,,,,du,1,sllip_006,60.0304567365,1C,auditory,2020_Jan_07_1838,
da.wav,4,3,16,192,S,0,95,95,95,,,,,None,,,,du,1,sllip_006,60.0304567365,1C,auditory,2020_Jan_07_1838,
silence.wav,0,0,0,0,B,0,96,96,96,,,,,None,,,,du,1,sllip_006,60.0304567365,1C,auditory,2020_Jan_07_1838,
silence.wav,0,0,0,0,B,0,97,97,97,,,,,None,,,,du,1,sllip_006,60.0304567365,1C,auditory,2020_Jan_07_1838,
silence.wav,0,0,0,0,B,0,98,98,98,,,,,4,0.410156011581,,,du,1,sllip_006,60.0304567365,1C,auditory,2020_Jan_07_1838,
silence.wav,0,0,0,0,B,0,99,99,99,,,,,4,0.353134870529,,,du,1,sllip_006,60.0304567365,1C,auditory,2020_Jan_07_1838,
silence.wav,0,0,0,0,B,0,100,100,100,,,,,4,0.239781141281,,,du,1,sllip_006,60.0304567365,1C,auditory,2020_Jan_07_1838,
silence.wav,0,0,0,0,B,0,101,101,101,,,,,None,,,,du,1,sllip_006,60.0304567365,1C,auditory,2020_Jan_07_1838,
silence.wav,0,0,0,0,B,0,102,102,102,,,,,None,,,,du,1,sllip_006,60.0304567365,1C,auditory,2020_Jan_07_1838,
silence.wav,0,0,0,0,B,0,103,103,103,,,,,None,,,,du,1,sllip_006,60.0304567365,1C,auditory,2020_Jan_07_1838,
silence.wav,0,0,0,0,B,0,104,104,104,,,,,None,,,,du,1,sllip_006,60.0304567365,1C,auditory,2020_Jan_07_1838,
silence.wav,0,0,0,0,B,0,105,105,105,,,,,None,,,,du,1,sllip_006,60.0304567365,1C,auditory,2020_Jan_07_1838,
silence.wav,0,0,0,0,B,0,106,106,106,,,,,None,,,,du,1,sllip_006,60.0304567365,1C,auditory,2020_Jan_07_1838,
silence.wav,0,0,0,0,B,0,107,107,107,,,,,None,,,,du,1,sllip_006,60.0304567365,1C,auditory,2020_Jan_07_1838,
silence.wav,0,0,0,0,B,0,108,108,108,,,,,None,,,,du,1,sllip_006,60.0304567365,1C,auditory,2020_Jan_07_1838,
4A.wav,0,1,1,193,R,,,,,0,0,0,0,,,None,,du,1,sllip_006,60.0304567365,1C,auditory,2020_Jan_07_1838,
2B.wav,0,2,1,194,R,,,,,0,1,1,1,,,None,,du,1,sllip_006,60.0304567365,1C,auditory,2020_Jan_07_1838,
2C.wav,0,3,1,195,R,,,,,0,2,2,2,,,None,,du,1,sllip_006,60.0304567365,1C,auditory,2020_Jan_07_1838,
1C.wav,0,1,1,196,R,,,,,0,3,3,3,,,None,,du,1,sllip_006,60.0304567365,1C,auditory,2020_Jan_07_1838,
3B.wav,0,2,1,197,R,,,,,0,4,4,4,,,None,,du,1,sllip_006,60.0304567365,1C,auditory,2020_Jan_07_1838,
4C.wav,0,3,1,198,R,,,,,0,5,5,5,,,None,,du,1,sllip_006,60.0304567365,1C,auditory,2020_Jan_07_1838,
2B.wav,0,1,1,199,R,,,,,0,6,6,6,,,None,,du,1,sllip_006,60.0304567365,1C,auditory,2020_Jan_07_1838,
3A.wav,0,2,1,200,R,,,,,0,7,7,7,,,None,,du,1,sllip_006,60.0304567365,1C,auditory,2020_Jan_07_1838,
2A.wav,0,3,1,201,R,,,,,0,8,8,8,,,None,,du,1,sllip_006,60.0304567365,1C,auditory,2020_Jan_07_1838,
2C.wav,0,1,1,202,R,,,,,0,9,9,9,,,None,,du,1,sllip_006,60.0304567365,1C,auditory,2020_Jan_07_1838,
3A.wav,0,2,1,203,R,,,,,0,10,10,10,,,None,,du,1,sllip_006,60.0304567365,1C,auditory,2020_Jan_07_1838,
1B.wav,0,3,1,204,R,,,,,0,11,11,11,,,None,,du,1,sllip_006,60.0304567365,1C,auditory,2020_Jan_07_1838,
3C.wav,0,1,1,205,R,,,,,0,12,12,12,,,None,,du,1,sllip_006,60.0304567365,1C,auditory,2020_Jan_07_1838,
1C.wav,0,2,1,206,R,,,,,0,13,13,13,,,None,,du,1,sllip_006,60.0304567365,1C,auditory,2020_Jan_07_1838,
1A.wav,0,3,1,207,R,,,,,0,14,14,14,,,None,,du,1,sllip_006,60.0304567365,1C,auditory,2020_Jan_07_1838,
3B.wav,0,1,1,208,R,,,,,0,15,15,15,,,None,,du,1,sllip_006,60.0304567365,1C,auditory,2020_Jan_07_1838,
4B.wav,0,2,1,209,R,,,,,0,16,16,16,,,None,,du,1,sllip_006,60.0304567365,1C,auditory,2020_Jan_07_1838,
1B.wav,0,3,1,210,R,,,,,0,17,17,17,,,None,,du,1,sllip_006,60.0304567365,1C,auditory,2020_Jan_07_1838,
4A.wav,0,1,1,211,R,,,,,0,18,18,18,,,None,,du,1,sllip_006,60.0304567365,1C,auditory,2020_Jan_07_1838,
4C.wav,0,2,1,212,R,,,,,0,19,19,19,,,None,,du,1,sllip_006,60.0304567365,1C,auditory,2020_Jan_07_1838,
2A.wav,0,3,1,213,R,,,,,0,20,20,20,,,None,,du,1,sllip_006,60.0304567365,1C,auditory,2020_Jan_07_1838,
1A.wav,0,1,1,214,R,,,,,0,21,21,21,,,None,,du,1,sllip_006,60.0304567365,1C,auditory,2020_Jan_07_1838,
4B.wav,0,2,1,215,R,,,,,0,22,22,22,,,None,,du,1,sllip_006,60.0304567365,1C,auditory,2020_Jan_07_1838,
3C.wav,0,3,1,216,R,,,,,0,23,23,23,,,None,,du,1,sllip_006,60.0304567365,1C,auditory,2020_Jan_07_1838,
2C.wav,0,1,1,217,R,,,,,0,24,24,24,,,None,,du,1,sllip_006,60.0304567365,1C,auditory,2020_Jan_07_1838,
1C.wav,0,2,1,218,R,,,,,0,25,25,25,,,None,,du,1,sllip_006,60.0304567365,1C,auditory,2020_Jan_07_1838,
3A.wav,0,3,1,219,R,,,,,0,26,26,26,,,None,,du,1,sllip_006,60.0304567365,1C,auditory,2020_Jan_07_1838,
3B.wav,0,1,1,220,R,,,,,0,27,27,27,,,None,,du,1,sllip_006,60.0304567365,1C,auditory,2020_Jan_07_1838,
3C.wav,0,2,1,221,R,,,,,0,28,28,28,,,None,,du,1,sllip_006,60.0304567365,1C,auditory,2020_Jan_07_1838,
1A.wav,0,3,1,222,R,,,,,0,29,29,29,,,None,,du,1,sllip_006,60.0304567365,1C,auditory,2020_Jan_07_1838,
3B.wav,0,1,1,223,R,,,,,0,30,30,30,,,None,,du,1,sllip_006,60.0304567365,1C,auditory,2020_Jan_07_1838,
4A.wav,0,2,1,224,R,,,,,0,31,31,31,,,None,,du,1,sllip_006,60.0304567365,1C,auditory,2020_Jan_07_1838,
4C.wav,0,3,1,225,R,,,,,0,32,32,32,,,None,,du,1,sllip_006,60.0304567365,1C,auditory,2020_Jan_07_1838,
1B.wav,0,1,1,226,R,,,,,0,33,33,33,,,None,,du,1,sllip_006,60.0304567365,1C,auditory,2020_Jan_07_1838,
3A.wav,0,2,1,227,R,,,,,0,34,34,34,,,None,,du,1,sllip_006,60.0304567365,1C,auditory,2020_Jan_07_1838,
4C.wav,0,3,1,228,R,,,,,0,35,35,35,,,None,,du,1,sllip_006,60.0304567365,1C,auditory,2020_Jan_07_1838,
2C.wav,0,1,1,229,R,,,,,0,36,36,36,,,None,,du,1,sllip_006,60.0304567365,1C,auditory,2020_Jan_07_1838,
4B.wav,0,2,1,230,R,,,,,0,37,37,37,,,None,,du,1,sllip_006,60.0304567365,1C,auditory,2020_Jan_07_1838,
3C.wav,0,3,1,231,R,,,,,0,38,38,38,,,None,,du,1,sllip_006,60.0304567365,1C,auditory,2020_Jan_07_1838,
1A.wav,0,1,1,232,R,,,,,0,39,39,39,,,None,,du,1,sllip_006,60.0304567365,1C,auditory,2020_Jan_07_1838,
2A.wav,0,2,1,233,R,,,,,0,40,40,40,,,None,,du,1,sllip_006,60.0304567365,1C,auditory,2020_Jan_07_1838,
2A.wav,0,3,1,234,R,,,,,0,41,41,41,,,None,,du,1,sllip_006,60.0304567365,1C,auditory,2020_Jan_07_1838,
4B.wav,0,1,1,235,R,,,,,0,42,42,42,,,None,,du,1,sllip_006,60.0304567365,1C,auditory,2020_Jan_07_1838,
4A.wav,0,2,1,236,R,,,,,0,43,43,43,,,None,,du,1,sllip_006,60.0304567365,1C,auditory,2020_Jan_07_1838,
1B.wav,0,3,1,237,R,,,,,0,44,44,44,,,None,,du,1,sllip_006,60.0304567365,1C,auditory,2020_Jan_07_1838,
1C.wav,0,1,1,238,R,,,,,0,45,45,45,,,None,,du,1,sllip_006,60.0304567365,1C,auditory,2020_Jan_07_1838,
2B.wav,0,2,1,239,R,,,,,0,46,46,46,,,None,,du,1,sllip_006,60.0304567365,1C,auditory,2020_Jan_07_1838,
2B.wav,0,3,1,240,R,,,,,0,47,47,47,,,None,,du,1,sllip_006,60.0304567365,1C,auditory,2020_Jan_07_1838,
4C.wav,0,1,1,241,R,,,,,0,48,48,48,,,None,,du,1,sllip_006,60.0304567365,1C,auditory,2020_Jan_07_1838,
3C.wav,0,2,1,242,R,,,,,0,49,49,49,,,None,,du,1,sllip_006,60.0304567365,1C,auditory,2020_Jan_07_1838,
3B.wav,0,3,1,243,R,,,,,0,50,50,50,,,None,,du,1,sllip_006,60.0304567365,1C,auditory,2020_Jan_07_1838,
4B.wav,0,1,1,244,R,,,,,0,51,51,51,,,None,,du,1,sllip_006,60.0304567365,1C,auditory,2020_Jan_07_1838,
2C.wav,0,2,1,245,R,,,,,0,52,52,52,,,None,,du,1,sllip_006,60.0304567365,1C,auditory,2020_Jan_07_1838,
2B.wav,0,3,1,246,R,,,,,0,53,53,53,,,None,,du,1,sllip_006,60.0304567365,1C,auditory,2020_Jan_07_1838,
1C.wav,0,1,1,247,R,,,,,0,54,54,54,,,3,0.407035827637,du,1,sllip_006,60.0304567365,1C,auditory,2020_Jan_07_1838,
1A.wav,0,2,1,248,R,,,,,0,55,55,55,,,None,,du,1,sllip_006,60.0304567365,1C,auditory,2020_Jan_07_1838,
4C.wav,0,3,1,249,R,,,,,0,56,56,56,,,None,,du,1,sllip_006,60.0304567365,1C,auditory,2020_Jan_07_1838,
3C.wav,0,1,1,250,R,,,,,0,57,57,57,,,3,0.0639088153839,du,1,sllip_006,60.0304567365,1C,auditory,2020_Jan_07_1838,
4B.wav,0,2,1,251,R,,,,,0,58,58,58,,,None,,du,1,sllip_006,60.0304567365,1C,auditory,2020_Jan_07_1838,
3A.wav,0,3,1,252,R,,,,,0,59,59,59,,,None,,du,1,sllip_006,60.0304567365,1C,auditory,2020_Jan_07_1838,
2C.wav,0,1,1,253,R,,,,,0,60,60,60,,,None,,du,1,sllip_006,60.0304567365,1C,auditory,2020_Jan_07_1838,
2C.wav,0,2,1,254,R,,,,,0,61,61,61,,,None,,du,1,sllip_006,60.0304567365,1C,auditory,2020_Jan_07_1838,
3B.wav,0,3,1,255,R,,,,,0,62,62,62,,,3,0.270648956299,du,1,sllip_006,60.0304567365,1C,auditory,2020_Jan_07_1838,
2A.wav,0,1,1,256,R,,,,,0,63,63,63,,,None,,du,1,sllip_006,60.0304567365,1C,auditory,2020_Jan_07_1838,
1B.wav,0,2,1,257,R,,,,,0,64,64,64,,,3,0.186326026917,du,1,sllip_006,60.0304567365,1C,auditory,2020_Jan_07_1838,
3A.wav,0,3,1,258,R,,,,,0,65,65,65,,,None,,du,1,sllip_006,60.0304567365,1C,auditory,2020_Jan_07_1838,
2A.wav,0,1,1,259,R,,,,,0,66,66,66,,,None,,du,1,sllip_006,60.0304567365,1C,auditory,2020_Jan_07_1838,
4A.wav,0,2,1,260,R,,,,,0,67,67,67,,,None,,du,1,sllip_006,60.0304567365,1C,auditory,2020_Jan_07_1838,
2A.wav,0,3,1,261,R,,,,,0,68,68,68,,,None,,du,1,sllip_006,60.0304567365,1C,auditory,2020_Jan_07_1838,
2B.wav,0,1,1,262,R,,,,,0,69,69,69,,,3,0.423511981964,du,1,sllip_006,60.0304567365,1C,auditory,2020_Jan_07_1838,
4A.wav,0,2,1,263,R,,,,,0,70,70,70,,,3,0.391009807587,du,1,sllip_006,60.0304567365,1C,auditory,2020_Jan_07_1838,
2B.wav,0,3,1,264,R,,,,,0,71,71,71,,,3,0.336734056473,du,1,sllip_006,60.0304567365,1C,auditory,2020_Jan_07_1838,
3C.wav,0,1,1,265,R,,,,,0,72,72,72,,,3,0.28412604332,du,1,sllip_006,60.0304567365,1C,auditory,2020_Jan_07_1838,
1A.wav,0,2,1,266,R,,,,,0,73,73,73,,,3,0.272776126862,du,1,sllip_006,60.0304567365,1C,auditory,2020_Jan_07_1838,
4C.wav,0,3,1,267,R,,,,,0,74,74,74,,,3,0.250010967255,du,1,sllip_006,60.0304567365,1C,auditory,2020_Jan_07_1838,
4B.wav,0,1,1,268,R,,,,,0,75,75,75,,,3,0.24006986618,du,1,sllip_006,60.0304567365,1C,auditory,2020_Jan_07_1838,
1A.wav,0,2,1,269,R,,,,,0,76,76,76,,,3,0.256309986115,du,1,sllip_006,60.0304567365,1C,auditory,2020_Jan_07_1838,
3B.wav,0,3,1,270,R,,,,,0,77,77,77,,,3,0.206228971481,du,1,sllip_006,60.0304567365,1C,auditory,2020_Jan_07_1838,
2B.wav,0,1,1,271,R,,,,,0,78,78,78,,,3,0.170251131058,du,1,sllip_006,60.0304567365,1C,auditory,2020_Jan_07_1838,
1C.wav,0,2,1,272,R,,,,,0,79,79,79,,,3,0.138431072235,du,1,sllip_006,60.0304567365,1C,auditory,2020_Jan_07_1838,
3C.wav,0,3,1,273,R,,,,,0,80,80,80,,,3,0.136898994446,du,1,sllip_006,60.0304567365,1C,auditory,2020_Jan_07_1838,
2C.wav,0,1,1,274,R,,,,,0,81,81,81,,,3,0.105522155762,du,1,sllip_006,60.0304567365,1C,auditory,2020_Jan_07_1838,
4B.wav,0,2,1,275,R,,,,,0,82,82,82,,,None,,du,1,sllip_006,60.0304567365,1C,auditory,2020_Jan_07_1838,
1B.wav,0,3,1,276,R,,,,,0,83,83,83,,,3,0.191200017929,du,1,sllip_006,60.0304567365,1C,auditory,2020_Jan_07_1838,
4C.wav,0,1,1,277,R,,,,,0,84,84,84,,,3,0.170850992203,du,1,sllip_006,60.0304567365,1C,auditory,2020_Jan_07_1838,
4A.wav,0,2,1,278,R,,,,,0,85,85,85,,,None,,du,1,sllip_006,60.0304567365,1C,auditory,2020_Jan_07_1838,
1C.wav,0,3,1,279,R,,,,,0,86,86,86,,,3,0.0592229366302,du,1,sllip_006,60.0304567365,1C,auditory,2020_Jan_07_1838,
1B.wav,0,1,1,280,R,,,,,0,87,87,87,,,3,0.0542001724243,du,1,sllip_006,60.0304567365,1C,auditory,2020_Jan_07_1838,
1C.wav,0,2,1,281,R,,,,,0,88,88,88,,,3,0.439284801483,du,1,sllip_006,60.0304567365,1C,auditory,2020_Jan_07_1838,
4A.wav,0,3,1,282,R,,,,,0,89,89,89,,,3,0.438434123993,du,1,sllip_006,60.0304567365,1C,auditory,2020_Jan_07_1838,
1A.wav,0,1,1,283,R,,,,,0,90,90,90,,,3,0.394289970398,du,1,sllip_006,60.0304567365,1C,auditory,2020_Jan_07_1838,
2A.wav,0,2,1,284,R,,,,,0,91,91,91,,,3,0.321141958237,du,1,sllip_006,60.0304567365,1C,auditory,2020_Jan_07_1838,
3B.wav,0,3,1,285,R,,,,,0,92,92,92,,,3,0.293214082718,du,1,sllip_006,60.0304567365,1C,auditory,2020_Jan_07_1838,
3A.wav,0,1,1,286,R,,,,,0,93,93,93,,,None,,du,1,sllip_006,60.0304567365,1C,auditory,2020_Jan_07_1838,
3A.wav,0,2,1,287,R,,,,,0,94,94,94,,,3,0.0860409736633,du,1,sllip_006,60.0304567365,1C,auditory,2020_Jan_07_1838,
1B.wav,0,3,1,288,R,,,,,0,95,95,95,,,3,0.201531887054,du,1,sllip_006,60.0304567365,1C,auditory,2020_Jan_07_1838,
silence.wav,0,0,0,0,B,,,,,0,96,96,96,,,3,0.300228118896,du,1,sllip_006,60.0304567365,1C,auditory,2020_Jan_07_1838,
silence.wav,0,0,0,0,B,,,,,0,97,97,97,,,3,0.408197879791,du,1,sllip_006,60.0304567365,1C,auditory,2020_Jan_07_1838,
silence.wav,0,0,0,0,B,,,,,0,98,98,98,,,None,,du,1,sllip_006,60.0304567365,1C,auditory,2020_Jan_07_1838,
silence.wav,0,0,0,0,B,,,,,0,99,99,99,,,3,0.105637073517,du,1,sllip_006,60.0304567365,1C,auditory,2020_Jan_07_1838,
silence.wav,0,0,0,0,B,,,,,0,100,100,100,,,None,,du,1,sllip_006,60.0304567365,1C,auditory,2020_Jan_07_1838,
silence.wav,0,0,0,0,B,,,,,0,101,101,101,,,3,0.356376886368,du,1,sllip_006,60.0304567365,1C,auditory,2020_Jan_07_1838,
silence.wav,0,0,0,0,B,,,,,0,102,102,102,,,3,0.371365070343,du,1,sllip_006,60.0304567365,1C,auditory,2020_Jan_07_1838,
silence.wav,0,0,0,0,B,,,,,0,103,103,103,,,3,0.354731798172,du,1,sllip_006,60.0304567365,1C,auditory,2020_Jan_07_1838,
silence.wav,0,0,0,0,B,,,,,0,104,104,104,,,3,0.307564973831,du,1,sllip_006,60.0304567365,1C,auditory,2020_Jan_07_1838,
silence.wav,0,0,0,0,B,,,,,0,105,105,105,,,3,0.290930986404,du,1,sllip_006,60.0304567365,1C,auditory,2020_Jan_07_1838,
silence.wav,0,0,0,0,B,,,,,0,106,106,106,,,3,0.25167298317,du,1,sllip_006,60.0304567365,1C,auditory,2020_Jan_07_1838,
silence.wav,0,0,0,0,B,,,,,0,107,107,107,,,3,0.271238088608,du,1,sllip_006,60.0304567365,1C,auditory,2020_Jan_07_1838,
silence.wav,0,0,0,0,B,,,,,0,108,108,108,,,3,0.270297050476,du,1,sllip_006,60.0304567365,1C,auditory,2020_Jan_07_1838,
2B.wav,0,1,1,97,R,,,,,0,0,0,0,,,None,,du,1,sllip_006,60.0304567365,1C,auditory,2020_Jan_07_1838,
3C.wav,0,2,1,98,R,,,,,0,1,1,1,,,3,0.0181500911713,du,1,sllip_006,60.0304567365,1C,auditory,2020_Jan_07_1838,
4A.wav,0,3,1,99,R,,,,,0,2,2,2,,,None,,du,1,sllip_006,60.0304567365,1C,auditory,2020_Jan_07_1838,
2B.wav,0,1,1,100,R,,,,,0,3,3,3,,,3,0.0929708480835,du,1,sllip_006,60.0304567365,1C,auditory,2020_Jan_07_1838,
4B.wav,0,2,1,101,R,,,,,0,4,4,4,,,3,0.206655025482,du,1,sllip_006,60.0304567365,1C,auditory,2020_Jan_07_1838,
4A.wav,0,3,1,102,R,,,,,0,5,5,5,,,3,0.299332857132,du,1,sllip_006,60.0304567365,1C,auditory,2020_Jan_07_1838,
1C.wav,0,1,1,103,R,,,,,0,6,6,6,,,3,0.386196136475,du,1,sllip_006,60.0304567365,1C,auditory,2020_Jan_07_1838,
3B.wav,0,2,1,104,R,,,,,0,7,7,7,,,None,,du,1,sllip_006,60.0304567365,1C,auditory,2020_Jan_07_1838,
2A.wav,0,3,1,105,R,,,,,0,8,8,8,,,None,,du,1,sllip_006,60.0304567365,1C,auditory,2020_Jan_07_1838,
3A.wav,0,1,1,106,R,,,,,0,9,9,9,,,3,0.0755569934845,du,1,sllip_006,60.0304567365,1C,auditory,2020_Jan_07_1838,
2B.wav,0,2,1,107,R,,,,,0,10,10,10,,,3,0.119624853134,du,1,sllip_006,60.0304567365,1C,auditory,2020_Jan_07_1838,
1C.wav,0,3,1,108,R,,,,,0,11,11,11,,,3,0.176705121994,du,1,sllip_006,60.0304567365,1C,auditory,2020_Jan_07_1838,
2A.wav,0,1,1,109,R,,,,,0,12,12,12,,,3,0.221920967102,du,1,sllip_006,60.0304567365,1C,auditory,2020_Jan_07_1838,
4C.wav,0,2,1,110,R,,,,,0,13,13,13,,,3,0.239019155502,du,1,sllip_006,60.0304567365,1C,auditory,2020_Jan_07_1838,
2C.wav,0,3,1,111,R,,,,,0,14,14,14,,,3,0.308790922165,du,1,sllip_006,60.0304567365,1C,auditory,2020_Jan_07_1838,
4C.wav,0,1,1,112,R,,,,,0,15,15,15,,,3,0.369922876358,du,1,sllip_006,60.0304567365,1C,auditory,2020_Jan_07_1838,
1A.wav,0,2,1,113,R,,,,,0,16,16,16,,,3,0.404652118683,du,1,sllip_006,60.0304567365,1C,auditory,2020_Jan_07_1838,
3B.wav,0,3,1,114,R,,,,,0,17,17,17,,,3,0.426993846893,du,1,sllip_006,60.0304567365,1C,auditory,2020_Jan_07_1838,
2A.wav,0,1,1,115,R,,,,,0,18,18,18,,,3,0.451098203659,du,1,sllip_006,60.0304567365,1C,auditory,2020_Jan_07_1838,
3A.wav,0,2,1,116,R,,,,,0,19,19,19,,,None,,du,1,sllip_006,60.0304567365,1C,auditory,2020_Jan_07_1838,
2C.wav,0,3,1,117,R,,,,,0,20,20,20,,,None,,du,1,sllip_006,60.0304567365,1C,auditory,2020_Jan_07_1838,
1B.wav,0,1,1,118,R,,,,,0,21,21,21,,,None,,du,1,sllip_006,60.0304567365,1C,auditory,2020_Jan_07_1838,
4B.wav,0,2,1,119,R,,,,,0,22,22,22,,,None,,du,1,sllip_006,60.0304567365,1C,auditory,2020_Jan_07_1838,
3C.wav,0,3,1,120,R,,,,,0,23,23,23,,,None,,du,1,sllip_006,60.0304567365,1C,auditory,2020_Jan_07_1838,
1B.wav,0,1,1,121,R,,,,,0,24,24,24,,,None,,du,1,sllip_006,60.0304567365,1C,auditory,2020_Jan_07_1838,
3C.wav,0,2,1,122,R,,,,,0,25,25,25,,,None,,du,1,sllip_006,60.0304567365,1C,auditory,2020_Jan_07_1838,
2B.wav,0,3,1,123,R,,,,,0,26,26,26,,,None,,du,1,sllip_006,60.0304567365,1C,auditory,2020_Jan_07_1838,
4C.wav,0,1,1,124,R,,,,,0,27,27,27,,,None,,du,1,sllip_006,60.0304567365,1C,auditory,2020_Jan_07_1838,
2A.wav,0,2,1,125,R,,,,,0,28,28,28,,,3,0.0741200447083,du,1,sllip_006,60.0304567365,1C,auditory,2020_Jan_07_1838,
1B.wav,0,3,1,126,R,,,,,0,29,29,29,,,3,0.374858140945,du,1,sllip_006,60.0304567365,1C,auditory,2020_Jan_07_1838,
1A.wav,0,1,1,127,R,,,,,0,30,30,30,,,None,,du,1,sllip_006,60.0304567365,1C,auditory,2020_Jan_07_1838,
4A.wav,0,2,1,128,R,,,,,0,31,31,31,,,3,0.0062620639801,du,1,sllip_006,60.0304567365,1C,auditory,2020_Jan_07_1838,
3A.wav,0,3,1,129,R,,,,,0,32,32,32,,,3,0.271583080292,du,1,sllip_006,60.0304567365,1C,auditory,2020_Jan_07_1838,
1C.wav,0,1,1,130,R,,,,,0,33,33,33,,,None,,du,1,sllip_006,60.0304567365,1C,auditory,2020_Jan_07_1838,
1C.wav,0,2,1,131,R,,,,,0,34,34,34,,,3,0.0243871212006,du,1,sllip_006,60.0304567365,1C,auditory,2020_Jan_07_1838,
4B.wav,0,3,1,132,R,,,,,0,35,35,35,,,3,0.289474010468,du,1,sllip_006,60.0304567365,1C,auditory,2020_Jan_07_1838,
2B.wav,0,1,1,133,R,,,,,0,36,36,36,,,None,,du,1,sllip_006,60.0304567365,1C,auditory,2020_Jan_07_1838,
2A.wav,0,2,1,134,R,,,,,0,37,37,37,,,3,0.0601799488068,du,1,sllip_006,60.0304567365,1C,auditory,2020_Jan_07_1838,
4C.wav,0,3,1,135,R,,,,,0,38,38,38,,,3,0.390102148056,du,1,sllip_006,60.0304567365,1C,auditory,2020_Jan_07_1838,
1A.wav,0,1,1,136,R,,,,,0,39,39,39,,,None,,du,1,sllip_006,60.0304567365,1C,auditory,2020_Jan_07_1838,
1A.wav,0,2,1,137,R,,,,,0,40,40,40,,,None,,du,1,sllip_006,60.0304567365,1C,auditory,2020_Jan_07_1838,
3B.wav,0,3,1,138,R,,,,,0,41,41,41,,,3,0.10929107666,du,1,sllip_006,60.0304567365,1C,auditory,2020_Jan_07_1838,
2C.wav,0,1,1,139,R,,,,,0,42,42,42,,,3,0.238568067551,du,1,sllip_006,60.0304567365,1C,auditory,2020_Jan_07_1838,
4A.wav,0,2,1,140,R,,,,,0,43,43,43,,,None,,du,1,sllip_006,60.0304567365,1C,auditory,2020_Jan_07_1838,
1B.wav,0,3,1,141,R,,,,,0,44,44,44,,,3,0.391981840134,du,1,sllip_006,60.0304567365,1C,auditory,2020_Jan_07_1838,
1C.wav,0,1,1,142,R,,,,,0,45,45,45,,,None,,du,1,sllip_006,60.0304567365,1C,auditory,2020_Jan_07_1838,
2C.wav,0,2,1,143,R,,,,,0,46,46,46,,,3,0.0574009418488,du,1,sllip_006,60.0304567365,1C,auditory,2020_Jan_07_1838,
4B.wav,0,3,1,144,R,,,,,0,47,47,47,,,3,0.271325111389,du,1,sllip_006,60.0304567365,1C,auditory,2020_Jan_07_1838,
2A.wav,0,1,1,145,R,,,,,0,48,48,48,,,3,0.353123903275,du,1,sllip_006,60.0304567365,1C,auditory,2020_Jan_07_1838,
3A.wav,0,2,1,146,R,,,,,0,49,49,49,,,None,,du,1,sllip_006,60.0304567365,1C,auditory,2020_Jan_07_1838,
3B.wav,0,3,1,147,R,,,,,0,50,50,50,,,None,,du,1,sllip_006,60.0304567365,1C,auditory,2020_Jan_07_1838,
2B.wav,0,1,1,148,R,,,,,0,51,51,51,,,None,,du,1,sllip_006,60.0304567365,1C,auditory,2020_Jan_07_1838,
4C.wav,0,2,1,149,R,,,,,0,52,52,52,,,None,,du,1,sllip_006,60.0304567365,1C,auditory,2020_Jan_07_1838,
2A.wav,0,3,1,150,R,,,,,0,53,53,53,,,None,,du,1,sllip_006,60.0304567365,1C,auditory,2020_Jan_07_1838,
2C.wav,0,1,1,151,R,,,,,0,54,54,54,,,None,,du,1,sllip_006,60.0304567365,1C,auditory,2020_Jan_07_1838,
1A.wav,0,2,1,152,R,,,,,0,55,55,55,,,None,,du,1,sllip_006,60.0304567365,1C,auditory,2020_Jan_07_1838,
3C.wav,0,3,1,153,R,,,,,0,56,56,56,,,None,,du,1,sllip_006,60.0304567365,1C,auditory,2020_Jan_07_1838,
1B.wav,0,1,1,154,R,,,,,0,57,57,57,,,None,,du,1,sllip_006,60.0304567365,1C,auditory,2020_Jan_07_1838,
1A.wav,0,2,1,155,R,,,,,0,58,58,58,,,3,0.156279087067,du,1,sllip_006,60.0304567365,1C,auditory,2020_Jan_07_1838,
1B.wav,0,3,1,156,R,,,,,0,59,59,59,,,3,0.306411981583,du,1,sllip_006,60.0304567365,1C,auditory,2020_Jan_07_1838,
2C.wav,0,1,1,157,R,,,,,0,60,60,60,,,None,,du,1,sllip_006,60.0304567365,1C,auditory,2020_Jan_07_1838,
3C.wav,0,2,1,158,R,,,,,0,61,61,61,,,3,0.0572471618652,du,1,sllip_006,60.0304567365,1C,auditory,2020_Jan_07_1838,
1C.wav,0,3,1,159,R,,,,,0,62,62,62,,,3,0.218827962875,du,1,sllip_006,60.0304567365,1C,auditory,2020_Jan_07_1838,
3A.wav,0,1,1,160,R,,,,,0,63,63,63,,,3,0.155148983002,du,1,sllip_006,60.0304567365,1C,auditory,2020_Jan_07_1838,
4B.wav,0,2,1,161,R,,,,,0,64,64,64,,,3,0.220742940903,du,1,sllip_006,60.0304567365,1C,auditory,2020_Jan_07_1838,
3B.wav,0,3,1,162,R,,,,,0,65,65,65,,,None,,du,1,sllip_006,60.0304567365,1C,auditory,2020_Jan_07_1838,
3C.wav,0,1,1,163,R,,,,,0,66,66,66,,,None,,du,1,sllip_006,60.0304567365,1C,auditory,2020_Jan_07_1838,
2B.wav,0,2,1,164,R,,,,,0,67,67,67,,,None,,du,1,sllip_006,60.0304567365,1C,auditory,2020_Jan_07_1838,
1C.wav,0,3,1,165,R,,,,,0,68,68,68,,,3,0.234974145889,du,1,sllip_006,60.0304567365,1C,auditory,2020_Jan_07_1838,
3B.wav,0,1,1,166,R,,,,,0,69,69,69,,,3,0.290876150131,du,1,sllip_006,60.0304567365,1C,auditory,2020_Jan_07_1838,
3A.wav,0,2,1,167,R,,,,,0,70,70,70,,,3,0.323171854019,du,1,sllip_006,60.0304567365,1C,auditory,2020_Jan_07_1838,
4A.wav,0,3,1,168,R,,,,,0,71,71,71,,,3,0.360238790512,du,1,sllip_006,60.0304567365,1C,auditory,2020_Jan_07_1838,
2C.wav,0,1,1,169,R,,,,,0,72,72,72,,,None,,du,1,sllip_006,60.0304567365,1C,auditory,2020_Jan_07_1838,
1A.wav,0,2,1,170,R,,,,,0,73,73,73,,,3,0.190099954605,du,1,sllip_006,60.0304567365,1C,auditory,2020_Jan_07_1838,
2B.wav,0,3,1,171,R,,,,,0,74,74,74,,,None,,du,1,sllip_006,60.0304567365,1C,auditory,2020_Jan_07_1838,
2C.wav,0,1,1,172,R,,,,,0,75,75,75,,,None,,du,1,sllip_006,60.0304567365,1C,auditory,2020_Jan_07_1838,
4B.wav,0,2,1,173,R,,,,,0,76,76,76,,,3,0.0730810165405,du,1,sllip_006,60.0304567365,1C,auditory,2020_Jan_07_1838,
1C.wav,0,3,1,174,R,,,,,0,77,77,77,,,3,0.210302829742,du,1,sllip_006,60.0304567365,1C,auditory,2020_Jan_07_1838,
1B.wav,0,1,1,175,R,,,,,0,78,78,78,,,None,,du,1,sllip_006,60.0304567365,1C,auditory,2020_Jan_07_1838,
1B.wav,0,2,1,176,R,,,,,0,79,79,79,,,None,,du,1,sllip_006,60.0304567365,1C,auditory,2020_Jan_07_1838,
4C.wav,0,3,1,177,R,,,,,0,80,80,80,,,None,,du,1,sllip_006,60.0304567365,1C,auditory,2020_Jan_07_1838,
4A.wav,0,1,1,178,R,,,,,0,81,81,81,,,None,,du,1,sllip_006,60.0304567365,1C,auditory,2020_Jan_07_1838,
4A.wav,0,2,1,179,R,,,,,0,82,82,82,,,None,,du,1,sllip_006,60.0304567365,1C,auditory,2020_Jan_07_1838,
4C.wav,0,3,1,180,R,,,,,0,83,83,83,,,None,,du,1,sllip_006,60.0304567365,1C,auditory,2020_Jan_07_1838,
4C.wav,0,1,1,181,R,,,,,0,84,84,84,,,None,,du,1,sllip_006,60.0304567365,1C,auditory,2020_Jan_07_1838,
4B.wav,0,2,1,182,R,,,,,0,85,85,85,,,3,0.0195670127869,du,1,sllip_006,60.0304567365,1C,auditory,2020_Jan_07_1838,
4A.wav,0,3,1,183,R,,,,,0,86,86,86,,,3,0.140216827393,du,1,sllip_006,60.0304567365,1C,auditory,2020_Jan_07_1838,
1C.wav,0,1,1,184,R,,,,,0,87,87,87,,,3,0.13991189003,du,1,sllip_006,60.0304567365,1C,auditory,2020_Jan_07_1838,
3A.wav,0,2,1,185,R,,,,,0,88,88,88,,,3,0.190731048584,du,1,sllip_006,60.0304567365,1C,auditory,2020_Jan_07_1838,
3C.wav,0,3,1,186,R,,,,,0,89,89,89,,,3,0.240386962891,du,1,sllip_006,60.0304567365,1C,auditory,2020_Jan_07_1838,
4B.wav,0,1,1,187,R,,,,,0,90,90,90,,,3,0.287558078766,du,1,sllip_006,60.0304567365,1C,auditory,2020_Jan_07_1838,
2B.wav,0,2,1,188,R,,,,,0,91,91,91,,,3,0.292773008347,du,1,sllip_006,60.0304567365,1C,auditory,2020_Jan_07_1838,
2A.wav,0,3,1,189,R,,,,,0,92,92,92,,,3,0.356201887131,du,1,sllip_006,60.0304567365,1C,auditory,2020_Jan_07_1838,
2A.wav,0,1,1,190,R,,,,,0,93,93,93,,,None,,du,1,sllip_006,60.0304567365,1C,auditory,2020_Jan_07_1838,
3B.wav,0,2,1,191,R,,,,,0,94,94,94,,,3,0.173309087753,du,1,sllip_006,60.0304567365,1C,auditory,2020_Jan_07_1838,
1A.wav,0,3,1,192,R,,,,,0,95,95,95,,,3,0.275908946991,du,1,sllip_006,60.0304567365,1C,auditory,2020_Jan_07_1838,
silence.wav,0,0,0,0,B,,,,,0,96,96,96,,,3,0.318279981613,du,1,sllip_006,60.0304567365,1C,auditory,2020_Jan_07_1838,
silence.wav,0,0,0,0,B,,,,,0,97,97,97,,,None,,du,1,sllip_006,60.0304567365,1C,auditory,2020_Jan_07_1838,
silence.wav,0,0,0,0,B,,,,,0,98,98,98,,,3,0.032243013382,du,1,sllip_006,60.0304567365,1C,auditory,2020_Jan_07_1838,
silence.wav,0,0,0,0,B,,,,,0,99,99,99,,,3,0.00591421127319,du,1,sllip_006,60.0304567365,1C,auditory,2020_Jan_07_1838,
silence.wav,0,0,0,0,B,,,,,0,100,100,100,,,3,0.203010082245,du,1,sllip_006,60.0304567365,1C,auditory,2020_Jan_07_1838,
silence.wav,0,0,0,0,B,,,,,0,101,101,101,,,3,0.422029018402,du,1,sllip_006,60.0304567365,1C,auditory,2020_Jan_07_1838,
silence.wav,0,0,0,0,B,,,,,0,102,102,102,,,None,,du,1,sllip_006,60.0304567365,1C,auditory,2020_Jan_07_1838,
silence.wav,0,0,0,0,B,,,,,0,103,103,103,,,3,0.158797979355,du,1,sllip_006,60.0304567365,1C,auditory,2020_Jan_07_1838,
silence.wav,0,0,0,0,B,,,,,0,104,104,104,,,None,,du,1,sllip_006,60.0304567365,1C,auditory,2020_Jan_07_1838,
silence.wav,0,0,0,0,B,,,,,0,105,105,105,,,3,0.316256999969,du,1,sllip_006,60.0304567365,1C,auditory,2020_Jan_07_1838,
silence.wav,0,0,0,0,B,,,,,0,106,106,106,,,None,,du,1,sllip_006,60.0304567365,1C,auditory,2020_Jan_07_1838,
silence.wav,0,0,0,0,B,,,,,0,107,107,107,,,None,,du,1,sllip_006,60.0304567365,1C,auditory,2020_Jan_07_1838,
silence.wav,0,0,0,0,B,,,,,0,108,108,108,,,None,,du,1,sllip_006,60.0304567365,1C,auditory,2020_Jan_07_1838,
1A.wav,0,1,1,1,R,,,,,0,0,0,0,,,None,,du,1,sllip_006,60.0304567365,1C,auditory,2020_Jan_07_1838,
1B.wav,0,2,1,2,R,,,,,0,1,1,1,,,3,0.121500968933,du,1,sllip_006,60.0304567365,1C,auditory,2020_Jan_07_1838,
4A.wav,0,3,1,3,R,,,,,0,2,2,2,,,None,,du,1,sllip_006,60.0304567365,1C,auditory,2020_Jan_07_1838,
1C.wav,0,1,1,4,R,,,,,0,3,3,3,,,None,,du,1,sllip_006,60.0304567365,1C,auditory,2020_Jan_07_1838,
3C.wav,0,2,1,5,R,,,,,0,4,4,4,,,None,,du,1,sllip_006,60.0304567365,1C,auditory,2020_Jan_07_1838,
2C.wav,0,3,1,6,R,,,,,0,5,5,5,,,None,,du,1,sllip_006,60.0304567365,1C,auditory,2020_Jan_07_1838,
2A.wav,0,1,1,7,R,,,,,0,6,6,6,,,None,,du,1,sllip_006,60.0304567365,1C,auditory,2020_Jan_07_1838,
3B.wav,0,2,1,8,R,,,,,0,7,7,7,,,None,,du,1,sllip_006,60.0304567365,1C,auditory,2020_Jan_07_1838,
2B.wav,0,3,1,9,R,,,,,0,8,8,8,,,None,,du,1,sllip_006,60.0304567365,1C,auditory,2020_Jan_07_1838,
3A.wav,0,1,1,10,R,,,,,0,9,9,9,,,None,,du,1,sllip_006,60.0304567365,1C,auditory,2020_Jan_07_1838,
4C.wav,0,2,1,11,R,,,,,0,10,10,10,,,None,,du,1,sllip_006,60.0304567365,1C,auditory,2020_Jan_07_1838,
3B.wav,0,3,1,12,R,,,,,0,11,11,11,,,None,,du,1,sllip_006,60.0304567365,1C,auditory,2020_Jan_07_1838,
4B.wav,0,1,1,13,R,,,,,0,12,12,12,,,None,,du,1,sllip_006,60.0304567365,1C,auditory,2020_Jan_07_1838,
3A.wav,0,2,1,14,R,,,,,0,13,13,13,,,None,,du,1,sllip_006,60.0304567365,1C,auditory,2020_Jan_07_1838,
3C.wav,0,3,1,15,R,,,,,0,14,14,14,,,None,,du,1,sllip_006,60.0304567365,1C,auditory,2020_Jan_07_1838,
3B.wav,0,1,1,16,R,,,,,0,15,15,15,,,None,,du,1,sllip_006,60.0304567365,1C,auditory,2020_Jan_07_1838,
3A.wav,0,2,1,17,R,,,,,0,16,16,16,,,None,,du,1,sllip_006,60.0304567365,1C,auditory,2020_Jan_07_1838,
4A.wav,0,3,1,18,R,,,,,0,17,17,17,,,None,,du,1,sllip_006,60.0304567365,1C,auditory,2020_Jan_07_1838,
1C.wav,0,1,1,19,R,,,,,0,18,18,18,,,None,,du,1,sllip_006,60.0304567365,1C,auditory,2020_Jan_07_1838,
4C.wav,0,2,1,20,R,,,,,0,19,19,19,,,None,,du,1,sllip_006,60.0304567365,1C,auditory,2020_Jan_07_1838,
3C.wav,0,3,1,21,R,,,,,0,20,20,20,,,None,,du,1,sllip_006,60.0304567365,1C,auditory,2020_Jan_07_1838,
4B.wav,0,1,1,22,R,,,,,0,21,21,21,,,None,,du,1,sllip_006,60.0304567365,1C,auditory,2020_Jan_07_1838,
1A.wav,0,2,1,23,R,,,,,0,22,22,22,,,None,,du,1,sllip_006,60.0304567365,1C,auditory,2020_Jan_07_1838,
1B.wav,0,3,1,24,R,,,,,0,23,23,23,,,None,,du,1,sllip_006,60.0304567365,1C,auditory,2020_Jan_07_1838,
3B.wav,0,1,1,25,R,,,,,0,24,24,24,,,None,,du,1,sllip_006,60.0304567365,1C,auditory,2020_Jan_07_1838,
4C.wav,0,2,1,26,R,,,,,0,25,25,25,,,None,,du,1,sllip_006,60.0304567365,1C,auditory,2020_Jan_07_1838,
3B.wav,0,3,1,27,R,,,,,0,26,26,26,,,None,,du,1,sllip_006,60.0304567365,1C,auditory,2020_Jan_07_1838,
2B.wav,0,1,1,28,R,,,,,0,27,27,27,,,None,,du,1,sllip_006,60.0304567365,1C,auditory,2020_Jan_07_1838,
4A.wav,0,2,1,29,R,,,,,0,28,28,28,,,None,,du,1,sllip_006,60.0304567365,1C,auditory,2020_Jan_07_1838,
1C.wav,0,3,1,30,R,,,,,0,29,29,29,,,None,,du,1,sllip_006,60.0304567365,1C,auditory,2020_Jan_07_1838,
1A.wav,0,1,1,31,R,,,,,0,30,30,30,,,None,,du,1,sllip_006,60.0304567365,1C,auditory,2020_Jan_07_1838,
4B.wav,0,2,1,32,R,,,,,0,31,31,31,,,None,,du,1,sllip_006,60.0304567365,1C,auditory,2020_Jan_07_1838,
2A.wav,0,3,1,33,R,,,,,0,32,32,32,,,None,,du,1,sllip_006,60.0304567365,1C,auditory,2020_Jan_07_1838,
2B.wav,0,1,1,34,R,,,,,0,33,33,33,,,None,,du,1,sllip_006,60.0304567365,1C,auditory,2020_Jan_07_1838,
3C.wav,0,2,1,35,R,,,,,0,34,34,34,,,None,,du,1,sllip_006,60.0304567365,1C,auditory,2020_Jan_07_1838,
2C.wav,0,3,1,36,R,,,,,0,35,35,35,,,None,,du,1,sllip_006,60.0304567365,1C,auditory,2020_Jan_07_1838,
2A.wav,0,1,1,37,R,,,,,0,36,36,36,,,None,,du,1,sllip_006,60.0304567365,1C,auditory,2020_Jan_07_1838,
1B.wav,0,2,1,38,R,,,,,0,37,37,37,,,None,,du,1,sllip_006,60.0304567365,1C,auditory,2020_Jan_07_1838,
4C.wav,0,3,1,39,R,,,,,0,38,38,38,,,None,,du,1,sllip_006,60.0304567365,1C,auditory,2020_Jan_07_1838,
3A.wav,0,1,1,40,R,,,,,0,39,39,39,,,None,,du,1,sllip_006,60.0304567365,1C,auditory,2020_Jan_07_1838,
3C.wav,0,2,1,41,R,,,,,0,40,40,40,,,None,,du,1,sllip_006,60.0304567365,1C,auditory,2020_Jan_07_1838,
3A.wav,0,3,1,42,R,,,,,0,41,41,41,,,None,,du,1,sllip_006,60.0304567365,1C,auditory,2020_Jan_07_1838,
4A.wav,0,1,1,43,R,,,,,0,42,42,42,,,None,,du,1,sllip_006,60.0304567365,1C,auditory,2020_Jan_07_1838,
2C.wav,0,2,1,44,R,,,,,0,43,43,43,,,None,,du,1,sllip_006,60.0304567365,1C,auditory,2020_Jan_07_1838,
2C.wav,0,3,1,45,R,,,,,0,44,44,44,,,None,,du,1,sllip_006,60.0304567365,1C,auditory,2020_Jan_07_1838,
2A.wav,0,1,1,46,R,,,,,0,45,45,45,,,None,,du,1,sllip_006,60.0304567365,1C,auditory,2020_Jan_07_1838,
4B.wav,0,2,1,47,R,,,,,0,46,46,46,,,None,,du,1,sllip_006,60.0304567365,1C,auditory,2020_Jan_07_1838,
2B.wav,0,3,1,48,R,,,,,0,47,47,47,,,None,,du,1,sllip_006,60.0304567365,1C,auditory,2020_Jan_07_1838,
3C.wav,0,1,1,49,R,,,,,0,48,48,48,,,None,,du,1,sllip_006,60.0304567365,1C,auditory,2020_Jan_07_1838,
1B.wav,0,2,1,50,R,,,,,0,49,49,49,,,None,,du,1,sllip_006,60.0304567365,1C,auditory,2020_Jan_07_1838,
2B.wav,0,3,1,51,R,,,,,0,50,50,50,,,None,,du,1,sllip_006,60.0304567365,1C,auditory,2020_Jan_07_1838,
2C.wav,0,1,1,52,R,,,,,0,51,51,51,,,None,,du,1,sllip_006,60.0304567365,1C,auditory,2020_Jan_07_1838,
3B.wav,0,2,1,53,R,,,,,0,52,52,52,,,None,,du,1,sllip_006,60.0304567365,1C,auditory,2020_Jan_07_1838,
3B.wav,0,3,1,54,R,,,,,0,53,53,53,,,None,,du,1,sllip_006,60.0304567365,1C,auditory,2020_Jan_07_1838,
3A.wav,0,1,1,55,R,,,,,0,54,54,54,,,None,,du,1,sllip_006,60.0304567365,1C,auditory,2020_Jan_07_1838,
1C.wav,0,2,1,56,R,,,,,0,55,55,55,,,None,,du,1,sllip_006,60.0304567365,1C,auditory,2020_Jan_07_1838,
1C.wav,0,3,1,57,R,,,,,0,56,56,56,,,None,,du,1,sllip_006,60.0304567365,1C,auditory,2020_Jan_07_1838,
4B.wav,0,1,1,58,R,,,,,0,57,57,57,,,None,,du,1,sllip_006,60.0304567365,1C,auditory,2020_Jan_07_1838,
4C.wav,0,2,1,59,R,,,,,0,58,58,58,,,None,,du,1,sllip_006,60.0304567365,1C,auditory,2020_Jan_07_1838,
1A.wav,0,3,1,60,R,,,,,0,59,59,59,,,None,,du,1,sllip_006,60.0304567365,1C,auditory,2020_Jan_07_1838,
4B.wav,0,1,1,61,R,,,,,0,60,60,60,,,None,,du,1,sllip_006,60.0304567365,1C,auditory,2020_Jan_07_1838,
4A.wav,0,2,1,62,R,,,,,0,61,61,61,,,None,,du,1,sllip_006,60.0304567365,1C,auditory,2020_Jan_07_1838,
3C.wav,0,3,1,63,R,,,,,0,62,62,62,,,None,,du,1,sllip_006,60.0304567365,1C,auditory,2020_Jan_07_1838,
2C.wav,0,1,1,64,R,,,,,0,63,63,63,,,None,,du,1,sllip_006,60.0304567365,1C,auditory,2020_Jan_07_1838,
4A.wav,0,2,1,65,R,,,,,0,64,64,64,,,None,,du,1,sllip_006,60.0304567365,1C,auditory,2020_Jan_07_1838,
1A.wav,0,3,1,66,R,,,,,0,65,65,65,,,None,,du,1,sllip_006,60.0304567365,1C,auditory,2020_Jan_07_1838,
2B.wav,0,1,1,67,R,,,,,0,66,66,66,,,None,,du,1,sllip_006,60.0304567365,1C,auditory,2020_Jan_07_1838,
2A.wav,0,2,1,68,R,,,,,0,67,67,67,,,None,,du,1,sllip_006,60.0304567365,1C,auditory,2020_Jan_07_1838,
2A.wav,0,3,1,69,R,,,,,0,68,68,68,,,None,,du,1,sllip_006,60.0304567365,1C,auditory,2020_Jan_07_1838,
4C.wav,0,1,1,70,R,,,,,0,69,69,69,,,None,,du,1,sllip_006,60.0304567365,1C,auditory,2020_Jan_07_1838,
1B.wav,0,2,1,71,R,,,,,0,70,70,70,,,None,,du,1,sllip_006,60.0304567365,1C,auditory,2020_Jan_07_1838,
3A.wav,0,3,1,72,R,,,,,0,71,71,71,,,None,,du,1,sllip_006,60.0304567365,1C,auditory,2020_Jan_07_1838,
2B.wav,0,1,1,73,R,,,,,0,72,72,72,,,None,,du,1,sllip_006,60.0304567365,1C,auditory,2020_Jan_07_1838,
3C.wav,0,2,1,74,R,,,,,0,73,73,73,,,None,,du,1,sllip_006,60.0304567365,1C,auditory,2020_Jan_07_1838,
1A.wav,0,3,1,75,R,,,,,0,74,74,74,,,None,,du,1,sllip_006,60.0304567365,1C,auditory,2020_Jan_07_1838,
1C.wav,0,1,1,76,R,,,,,0,75,75,75,,,None,,du,1,sllip_006,60.0304567365,1C,auditory,2020_Jan_07_1838,
2B.wav,0,2,1,77,R,,,,,0,76,76,76,,,None,,du,1,sllip_006,60.0304567365,1C,auditory,2020_Jan_07_1838,
1C.wav,0,3,1,78,R,,,,,0,77,77,77,,,None,,du,1,sllip_006,60.0304567365,1C,auditory,2020_Jan_07_1838,
3B.wav,0,1,1,79,R,,,,,0,78,78,78,,,3,0.33665394783,du,1,sllip_006,60.0304567365,1C,auditory,2020_Jan_07_1838,
1B.wav,0,2,1,80,R,,,,,0,79,79,79,,,3,0.28802895546,du,1,sllip_006,60.0304567365,1C,auditory,2020_Jan_07_1838,
3C.wav,0,3,1,81,R,,,,,0,80,80,80,,,3,0.223850011826,du,1,sllip_006,60.0304567365,1C,auditory,2020_Jan_07_1838,
4C.wav,0,1,1,82,R,,,,,0,81,81,81,,,3,0.152832984924,du,1,sllip_006,60.0304567365,1C,auditory,2020_Jan_07_1838,
2A.wav,0,2,1,83,R,,,,,0,82,82,82,,,3,0.0899980068207,du,1,sllip_006,60.0304567365,1C,auditory,2020_Jan_07_1838,
4B.wav,0,3,1,84,R,,,,,0,83,83,83,,,3,0.0208909511566,du,1,sllip_006,60.0304567365,1C,auditory,2020_Jan_07_1838,
4B.wav,0,1,1,85,R,,,,,0,84,84,84,,,3,0.0328748226166,du,1,sllip_006,60.0304567365,1C,auditory,2020_Jan_07_1838,
4C.wav,0,2,1,86,R,,,,,0,85,85,85,,,None,,du,1,sllip_006,60.0304567365,1C,auditory,2020_Jan_07_1838,
2C.wav,0,3,1,87,R,,,,,0,86,86,86,,,None,,du,1,sllip_006,60.0304567365,1C,auditory,2020_Jan_07_1838,
1B.wav,0,1,1,88,R,,,,,0,87,87,87,,,None,,du,1,sllip_006,60.0304567365,1C,auditory,2020_Jan_07_1838,
3B.wav,0,2,1,89,R,,,,,0,88,88,88,,,None,,du,1,sllip_006,60.0304567365,1C,auditory,2020_Jan_07_1838,
4A.wav,0,3,1,90,R,,,,,0,89,89,89,,,None,,du,1,sllip_006,60.0304567365,1C,auditory,2020_Jan_07_1838,
2A.wav,0,1,1,91,R,,,,,0,90,90,90,,,3,0.0525739192963,du,1,sllip_006,60.0304567365,1C,auditory,2020_Jan_07_1838,
4A.wav,0,2,1,92,R,,,,,0,91,91,91,,,3,0.0355200767517,du,1,sllip_006,60.0304567365,1C,auditory,2020_Jan_07_1838,
3A.wav,0,3,1,93,R,,,,,0,92,92,92,,,3,0.189563035965,du,1,sllip_006,60.0304567365,1C,auditory,2020_Jan_07_1838,
2C.wav,0,1,1,94,R,,,,,0,93,93,93,,,None,,du,1,sllip_006,60.0304567365,1C,auditory,2020_Jan_07_1838,
3A.wav,0,2,1,95,R,,,,,0,94,94,94,,,3,0.374412059784,du,1,sllip_006,60.0304567365,1C,auditory,2020_Jan_07_1838,
1A.wav,0,3,1,96,R,,,,,0,95,95,95,,,None,,du,1,sllip_006,60.0304567365,1C,auditory,2020_Jan_07_1838,
silence.wav,0,0,0,0,B,,,,,0,96,96,96,,,3,0.0717520713806,du,1,sllip_006,60.0304567365,1C,auditory,2020_Jan_07_1838,
silence.wav,0,0,0,0,B,,,,,0,97,97,97,,,3,0.373883008957,du,1,sllip_006,60.0304567365,1C,auditory,2020_Jan_07_1838,
silence.wav,0,0,0,0,B,,,,,0,98,98,98,,,None,,du,1,sllip_006,60.0304567365,1C,auditory,2020_Jan_07_1838,
silence.wav,0,0,0,0,B,,,,,0,99,99,99,,,None,,du,1,sllip_006,60.0304567365,1C,auditory,2020_Jan_07_1838,
silence.wav,0,0,0,0,B,,,,,0,100,100,100,,,None,,du,1,sllip_006,60.0304567365,1C,auditory,2020_Jan_07_1838,
silence.wav,0,0,0,0,B,,,,,0,101,101,101,,,None,,du,1,sllip_006,60.0304567365,1C,auditory,2020_Jan_07_1838,
silence.wav,0,0,0,0,B,,,,,0,102,102,102,,,None,,du,1,sllip_006,60.0304567365,1C,auditory,2020_Jan_07_1838,
silence.wav,0,0,0,0,B,,,,,0,103,103,103,,,None,,du,1,sllip_006,60.0304567365,1C,auditory,2020_Jan_07_1838,
silence.wav,0,0,0,0,B,,,,,0,104,104,104,,,None,,du,1,sllip_006,60.0304567365,1C,auditory,2020_Jan_07_1838,
silence.wav,0,0,0,0,B,,,,,0,105,105,105,,,None,,du,1,sllip_006,60.0304567365,1C,auditory,2020_Jan_07_1838,
silence.wav,0,0,0,0,B,,,,,0,106,106,106,,,None,,du,1,sllip_006,60.0304567365,1C,auditory,2020_Jan_07_1838,
silence.wav,0,0,0,0,B,,,,,0,107,107,107,,,None,,du,1,sllip_006,60.0304567365,1C,auditory,2020_Jan_07_1838,
silence.wav,0,0,0,0,B,,,,,0,108,108,108,,,None,,du,1,sllip_006,60.0304567365,1C,auditory,2020_Jan_07_1838,
